0 0 1 #0562fd 
0 1 2 #0562fd 
0 2 3 #0562fd 
0 3 4 #0562fd 
0 4 5 #0562fd 
0 5 6 #0562fd 
0 6 7 #0562fd 
0 7 8 #0562fd 
0 8 9 #0562fd 
0 9 10 #8a126c 
0 10 11 #8a126c 
0 11 12 #8a126c 
0 12 13 #8a126c 
0 13 14 #8a126c 
0 14 15 #91ee91 
0 15 16 #91ee91 
0 16 17 #49ebd0 
0 17 18 #49ebd0 
0 18 19 #49ebd0 
0 19 20 #49ebd0 
0 20 21 #49ebd0 
0 21 22 #49ebd0 
0 22 23 #49ebd0 
0 23 24 #339475 
0 24 25 #339475 
0 25 26 #339475 
0 26 27 #339475 
0 27 28 #9a63f4 
0 28 29 #9a63f4 
0 29 30 #8d81ec 
0 30 31 #8d81ec 
0 31 32 #8d81ec 
0 32 33 #8d81ec 
0 33 34 #4d5620 
0 34 35 #4d5620 
0 35 36 #4d5620 
0 36 37 #4d5620 
0 37 38 #694b65 
0 38 39 #694b65 
0 39 40 #694b65 
0 40 41 #694b65 
0 41 42 #694b65 
0 42 43 #694b65 
0 43 44 #694b65 
0 44 45 #694b65 
0 45 46 #694b65 
0 46 47 #694b65 
0 47 48 #694b65 
0 48 49 #694b65 
0 49 50 #694b65 
0 50 51 #694b65 
0 51 52 #694b65 
0 52 53 #694b65 
0 53 54 #694b65 
0 54 55 #a6c03e 
0 55 56 #fc75f5 
0 56 57 #fc75f5 
0 57 58 #fc75f5 
0 58 59 #fc75f5 
0 59 60 #fc75f5 
0 60 61 #fc75f5 
0 61 62 #fc75f5 
0 62 63 #fc75f5 
0 63 64 #fc75f5 
0 64 65 #fc75f5 
0 65 66 #fc75f5 
0 66 67 #fc75f5 
0 67 68 #fc75f5 
0 68 69 #fc75f5 
0 69 70 #fc75f5 
1 0 71 #0562fd 
1 1 72 #0562fd 
1 2 73 #0562fd 
1 3 74 #0562fd 
1 4 75 #0562fd 
1 5 76 #0562fd 
1 6 77 #0562fd 
1 7 78 #0562fd 
1 8 79 #0562fd 
1 9 80 #8a126c 
1 10 81 #8a126c 
1 11 82 #8a126c 
1 12 83 #8a126c 
1 13 84 #91ee91 
1 14 85 #91ee91 
1 15 86 #49ebd0 
1 16 87 #49ebd0 
1 17 88 #49ebd0 
1 18 89 #49ebd0 
1 19 90 #49ebd0 
1 20 91 #49ebd0 
1 21 92 #49ebd0 
1 22 93 #339475 
1 23 94 #339475 
1 24 95 #339475 
1 25 96 #339475 
1 26 97 #9a63f4 
1 27 98 #9a63f4 
1 28 99 #8d81ec 
1 29 100 #8d81ec 
1 30 101 #8d81ec 
1 31 102 #8d81ec 
1 32 103 #4d5620 
1 33 104 #4d5620 
1 34 105 #4d5620 
1 35 106 #4d5620 
1 36 107 #4d5620 
1 37 108 #4d5620 
1 38 109 #694b65 
1 39 110 #694b65 
1 40 111 #694b65 
1 41 112 #694b65 
1 42 113 #694b65 
1 43 114 #694b65 
1 44 115 #694b65 
1 45 116 #694b65 
1 46 117 #694b65 
1 47 118 #694b65 
1 48 119 #694b65 
1 49 120 #694b65 
1 50 121 #694b65 
1 51 122 #694b65 
1 52 123 #694b65 
1 53 124 #a6c03e 
1 54 125 #a6c03e 
1 55 126 #fc75f5 
1 56 127 #fc75f5 
1 57 128 #fc75f5 
1 58 129 #fc75f5 
1 59 130 #fc75f5 
1 60 131 #fc75f5 
1 61 132 #fc75f5 
1 62 133 #fc75f5 
1 63 134 #fc75f5 
1 64 135 #fc75f5 
1 65 136 #fc75f5 
1 66 137 #fc75f5 
1 67 138 #fc75f5 
1 68 139 #fc75f5 
1 69 140 #fc75f5 
2 0 141 #0562fd 
2 1 142 #0562fd 
2 2 143 #0562fd 
2 3 144 #0562fd 
2 4 145 #0562fd 
2 5 146 #0562fd 
2 6 147 #0562fd 
2 7 148 #0562fd 
2 8 149 #0562fd 
2 9 150 #8a126c 
2 10 151 #8a126c 
2 11 152 #8a126c 
2 12 153 #91ee91 
2 13 154 #91ee91 
2 14 155 #49ebd0 
2 15 156 #49ebd0 
2 16 157 #49ebd0 
2 17 158 #49ebd0 
2 18 159 #49ebd0 
2 19 160 #49ebd0 
2 20 161 #49ebd0 
2 21 162 #339475 
2 22 163 #339475 
2 23 164 #339475 
2 24 165 #339475 
2 25 166 #9a63f4 
2 26 167 #9a63f4 
2 27 168 #8d81ec 
2 28 169 #8d81ec 
2 29 170 #8d81ec 
2 30 171 #8d81ec 
2 31 172 #4d5620 
2 32 173 #4d5620 
2 33 174 #4d5620 
2 34 175 #4d5620 
2 35 176 #4d5620 
2 36 177 #4d5620 
2 37 178 #4d5620 
2 38 179 #4d5620 
2 39 180 #694b65 
2 40 181 #694b65 
2 41 182 #694b65 
2 42 183 #694b65 
2 43 184 #694b65 
2 44 185 #694b65 
2 45 186 #694b65 
2 46 187 #694b65 
2 47 188 #694b65 
2 48 189 #694b65 
2 49 190 #694b65 
2 50 191 #694b65 
2 51 192 #694b65 
2 52 193 #a6c03e 
2 53 194 #a6c03e 
2 54 195 #a6c03e 
2 55 196 #fc75f5 
2 56 197 #fc75f5 
2 57 198 #fc75f5 
2 58 199 #fc75f5 
2 59 200 #fc75f5 
2 60 201 #fc75f5 
2 61 202 #fc75f5 
2 62 203 #fc75f5 
2 63 204 #fc75f5 
2 64 205 #fc75f5 
2 65 206 #fc75f5 
2 66 207 #fc75f5 
2 67 208 #fc75f5 
2 68 209 #fc75f5 
2 69 210 #fc75f5 
3 0 211 #0562fd 
3 1 212 #0562fd 
3 2 213 #0562fd 
3 3 214 #0562fd 
3 4 215 #0562fd 
3 5 216 #0562fd 
3 6 217 #0562fd 
3 7 218 #0562fd 
3 8 219 #0562fd 
3 9 220 #0562fd 
3 10 221 #8a126c 
3 11 222 #91ee91 
3 12 223 #91ee91 
3 13 224 #91ee91 
3 14 225 #91ee91 
3 15 226 #49ebd0 
3 16 227 #49ebd0 
3 17 228 #49ebd0 
3 18 229 #49ebd0 
3 19 230 #49ebd0 
3 20 231 #339475 
3 21 232 #339475 
3 22 233 #339475 
3 23 234 #339475 
3 24 235 #9a63f4 
3 25 236 #9a63f4 
3 26 237 #8d81ec 
3 27 238 #8d81ec 
3 28 239 #8d81ec 
3 29 240 #8d81ec 
3 30 241 #4d5620 
3 31 242 #4d5620 
3 32 243 #4d5620 
3 33 244 #4d5620 
3 34 245 #4d5620 
3 35 246 #4d5620 
3 36 247 #4d5620 
3 37 248 #4d5620 
3 38 249 #4d5620 
3 39 250 #4d5620 
3 40 251 #694b65 
3 41 252 #694b65 
3 42 253 #694b65 
3 43 254 #694b65 
3 44 255 #694b65 
3 45 256 #694b65 
3 46 257 #694b65 
3 47 258 #694b65 
3 48 259 #694b65 
3 49 260 #694b65 
3 50 261 #694b65 
3 51 262 #a6c03e 
3 52 263 #a6c03e 
3 53 264 #a6c03e 
3 54 265 #a6c03e 
3 55 266 #fc75f5 
3 56 267 #fc75f5 
3 57 268 #fc75f5 
3 58 269 #fc75f5 
3 59 270 #fc75f5 
3 60 271 #fc75f5 
3 61 272 #fc75f5 
3 62 273 #fc75f5 
3 63 274 #fc75f5 
3 64 275 #fc75f5 
3 65 276 #fc75f5 
3 66 277 #fc75f5 
3 67 278 #fc75f5 
3 68 279 #fc75f5 
3 69 280 #fc75f5 
4 0 281 #0562fd 
4 1 282 #0562fd 
4 2 283 #0562fd 
4 3 284 #0562fd 
4 4 285 #0562fd 
4 5 286 #0562fd 
4 6 287 #0562fd 
4 7 288 #0562fd 
4 8 289 #0562fd 
4 9 290 #0562fd 
4 10 291 #91ee91 
4 11 292 #91ee91 
4 12 293 #91ee91 
4 13 294 #91ee91 
4 14 295 #91ee91 
4 15 296 #91ee91 
4 16 297 #49ebd0 
4 17 298 #49ebd0 
4 18 299 #49ebd0 
4 19 300 #339475 
4 20 301 #339475 
4 21 302 #339475 
4 22 303 #339475 
4 23 304 #9a63f4 
4 24 305 #9a63f4 
4 25 306 #8d81ec 
4 26 307 #8d81ec 
4 27 308 #8d81ec 
4 28 309 #8d81ec 
4 29 310 #8d81ec 
4 30 311 #4d5620 
4 31 312 #4d5620 
4 32 313 #4d5620 
4 33 314 #4d5620 
4 34 315 #4d5620 
4 35 316 #4d5620 
4 36 317 #4d5620 
4 37 318 #4d5620 
4 38 319 #4d5620 
4 39 320 #4d5620 
4 40 321 #4d5620 
4 41 322 #694b65 
4 42 323 #694b65 
4 43 324 #694b65 
4 44 325 #694b65 
4 45 326 #694b65 
4 46 327 #694b65 
4 47 328 #694b65 
4 48 329 #694b65 
4 49 330 #694b65 
4 50 331 #a6c03e 
4 51 332 #a6c03e 
4 52 333 #a6c03e 
4 53 334 #a6c03e 
4 54 335 #e73943 
4 55 336 #e73943 
4 56 337 #fc75f5 
4 57 338 #fc75f5 
4 58 339 #fc75f5 
4 59 340 #fc75f5 
4 60 341 #fc75f5 
4 61 342 #fc75f5 
4 62 343 #fc75f5 
4 63 344 #fc75f5 
4 64 345 #fc75f5 
4 65 346 #fc75f5 
4 66 347 #fc75f5 
4 67 348 #fc75f5 
4 68 349 #fc75f5 
4 69 350 #fc75f5 
5 0 351 #0562fd 
5 1 352 #0562fd 
5 2 353 #0562fd 
5 3 354 #0562fd 
5 4 355 #0562fd 
5 5 356 #0562fd 
5 6 357 #0562fd 
5 7 358 #0562fd 
5 8 359 #0562fd 
5 9 360 #0562fd 
5 10 361 #91ee91 
5 11 362 #91ee91 
5 12 363 #91ee91 
5 13 364 #91ee91 
5 14 365 #91ee91 
5 15 366 #91ee91 
5 16 367 #91ee91 
5 17 368 #49ebd0 
5 18 369 #339475 
5 19 370 #339475 
5 20 371 #339475 
5 21 372 #339475 
5 22 373 #9a63f4 
5 23 374 #9a63f4 
5 24 375 #8d81ec 
5 25 376 #8d81ec 
5 26 377 #8d81ec 
5 27 378 #8d81ec 
5 28 379 #8d81ec 
5 29 380 #8d81ec 
5 30 381 #4d5620 
5 31 382 #4d5620 
5 32 383 #4d5620 
5 33 384 #4d5620 
5 34 385 #4d5620 
5 35 386 #4d5620 
5 36 387 #4d5620 
5 37 388 #4d5620 
5 38 389 #4d5620 
5 39 390 #4d5620 
5 40 391 #4d5620 
5 41 392 #4d5620 
5 42 393 #694b65 
5 43 394 #694b65 
5 44 395 #694b65 
5 45 396 #694b65 
5 46 397 #694b65 
5 47 398 #694b65 
5 48 399 #694b65 
5 49 400 #a6c03e 
5 50 401 #a6c03e 
5 51 402 #a6c03e 
5 52 403 #a6c03e 
5 53 404 #e73943 
5 54 405 #e73943 
5 55 406 #b20a1e 
5 56 407 #b20a1e 
5 57 408 #b20a1e 
5 58 409 #b20a1e 
5 59 410 #b20a1e 
5 60 411 #b20a1e 
5 61 412 #fc75f5 
5 62 413 #fc75f5 
5 63 414 #fc75f5 
5 64 415 #fc75f5 
5 65 416 #fc75f5 
5 66 417 #fc75f5 
5 67 418 #fc75f5 
5 68 419 #fc75f5 
5 69 420 #fc75f5 
6 0 421 #0562fd 
6 1 422 #0562fd 
6 2 423 #0562fd 
6 3 424 #7c0ce6 
6 4 425 #7c0ce6 
6 5 426 #7c0ce6 
6 6 427 #7c0ce6 
6 7 428 #7c0ce6 
6 8 429 #7c0ce6 
6 9 430 #7c0ce6 
6 10 431 #7c0ce6 
6 11 432 #91ee91 
6 12 433 #91ee91 
6 13 434 #339475 
6 14 435 #339475 
6 15 436 #339475 
6 16 437 #339475 
6 17 438 #339475 
6 18 439 #339475 
6 19 440 #339475 
6 20 441 #339475 
6 21 442 #9a63f4 
6 22 443 #9a63f4 
6 23 444 #8d81ec 
6 24 445 #8d81ec 
6 25 446 #8d81ec 
6 26 447 #8d81ec 
6 27 448 #8d81ec 
6 28 449 #8d81ec 
6 29 450 #8d81ec 
6 30 451 #4d5620 
6 31 452 #4d5620 
6 32 453 #4d5620 
6 33 454 #4d5620 
6 34 455 #4d5620 
6 35 456 #4d5620 
6 36 457 #4d5620 
6 37 458 #4d5620 
6 38 459 #4d5620 
6 39 460 #4d5620 
6 40 461 #4d5620 
6 41 462 #4d5620 
6 42 463 #4d5620 
6 43 464 #694b65 
6 44 465 #694b65 
6 45 466 #694b65 
6 46 467 #694b65 
6 47 468 #694b65 
6 48 469 #694b65 
6 49 470 #694b65 
6 50 471 #a6c03e 
6 51 472 #a6c03e 
6 52 473 #e73943 
6 53 474 #e73943 
6 54 475 #e73943 
6 55 476 #b20a1e 
6 56 477 #b20a1e 
6 57 478 #b20a1e 
6 58 479 #b20a1e 
6 59 480 #b20a1e 
6 60 481 #b20a1e 
6 61 482 #b20a1e 
6 62 483 #fc75f5 
6 63 484 #fc75f5 
6 64 485 #fc75f5 
6 65 486 #fc75f5 
6 66 487 #fc75f5 
6 67 488 #fc75f5 
6 68 489 #fc75f5 
6 69 490 #fc75f5 
7 0 491 #0562fd 
7 1 492 #0562fd 
7 2 493 #7c0ce6 
7 3 494 #7c0ce6 
7 4 495 #7c0ce6 
7 5 496 #7c0ce6 
7 6 497 #7c0ce6 
7 7 498 #7c0ce6 
7 8 499 #7c0ce6 
7 9 500 #7c0ce6 
7 10 501 #7c0ce6 
7 11 502 #7c0ce6 
7 12 503 #339475 
7 13 504 #339475 
7 14 505 #339475 
7 15 506 #339475 
7 16 507 #339475 
7 17 508 #339475 
7 18 509 #339475 
7 19 510 #339475 
7 20 511 #9a63f4 
7 21 512 #9a63f4 
7 22 513 #8d81ec 
7 23 514 #8d81ec 
7 24 515 #8d81ec 
7 25 516 #8d81ec 
7 26 517 #8d81ec 
7 27 518 #8d81ec 
7 28 519 #8d81ec 
7 29 520 #8d81ec 
7 30 521 #4d5620 
7 31 522 #4d5620 
7 32 523 #4d5620 
7 33 524 #4d5620 
7 34 525 #4d5620 
7 35 526 #4d5620 
7 36 527 #4d5620 
7 37 528 #4d5620 
7 38 529 #4d5620 
7 39 530 #4d5620 
7 40 531 #4d5620 
7 41 532 #4d5620 
7 42 533 #4d5620 
7 43 534 #694b65 
7 44 535 #694b65 
7 45 536 #694b65 
7 46 537 #694b65 
7 47 538 #694b65 
7 48 539 #694b65 
7 49 540 #694b65 
7 50 541 #e73943 
7 51 542 #e73943 
7 52 543 #e73943 
7 53 544 #e73943 
7 54 545 #e73943 
7 55 546 #b20a1e 
7 56 547 #b20a1e 
7 57 548 #b20a1e 
7 58 549 #b20a1e 
7 59 550 #b20a1e 
7 60 551 #b20a1e 
7 61 552 #b20a1e 
7 62 553 #b20a1e 
7 63 554 #fc75f5 
7 64 555 #fc75f5 
7 65 556 #fc75f5 
7 66 557 #fc75f5 
7 67 558 #fc75f5 
7 68 559 #fc75f5 
7 69 560 #fc75f5 
8 0 561 #0562fd 
8 1 562 #7c0ce6 
8 2 563 #7c0ce6 
8 3 564 #7c0ce6 
8 4 565 #7c0ce6 
8 5 566 #7c0ce6 
8 6 567 #7c0ce6 
8 7 568 #7c0ce6 
8 8 569 #7c0ce6 
8 9 570 #7c0ce6 
8 10 571 #7c0ce6 
8 11 572 #7c0ce6 
8 12 573 #339475 
8 13 574 #339475 
8 14 575 #339475 
8 15 576 #339475 
8 16 577 #339475 
8 17 578 #339475 
8 18 579 #339475 
8 19 580 #9a63f4 
8 20 581 #9a63f4 
8 21 582 #8d81ec 
8 22 583 #8d81ec 
8 23 584 #8d81ec 
8 24 585 #8d81ec 
8 25 586 #8d81ec 
8 26 587 #8d81ec 
8 27 588 #8d81ec 
8 28 589 #8d81ec 
8 29 590 #8d81ec 
8 30 591 #4d5620 
8 31 592 #4d5620 
8 32 593 #4d5620 
8 33 594 #4d5620 
8 34 595 #4d5620 
8 35 596 #4d5620 
8 36 597 #4d5620 
8 37 598 #4d5620 
8 38 599 #4d5620 
8 39 600 #4d5620 
8 40 601 #4d5620 
8 41 602 #4d5620 
8 42 603 #4d5620 
8 43 604 #694b65 
8 44 605 #694b65 
8 45 606 #694b65 
8 46 607 #694b65 
8 47 608 #694b65 
8 48 609 #694b65 
8 49 610 #e73943 
8 50 611 #e73943 
8 51 612 #e73943 
8 52 613 #e73943 
8 53 614 #e73943 
8 54 615 #e73943 
8 55 616 #b20a1e 
8 56 617 #b20a1e 
8 57 618 #b20a1e 
8 58 619 #b20a1e 
8 59 620 #b20a1e 
8 60 621 #b20a1e 
8 61 622 #b20a1e 
8 62 623 #b20a1e 
8 63 624 #b20a1e 
8 64 625 #fc75f5 
8 65 626 #fc75f5 
8 66 627 #fc75f5 
8 67 628 #fc75f5 
8 68 629 #fc75f5 
8 69 630 #fc75f5 
9 0 631 #7c0ce6 
9 1 632 #7c0ce6 
9 2 633 #7c0ce6 
9 3 634 #7c0ce6 
9 4 635 #7c0ce6 
9 5 636 #7c0ce6 
9 6 637 #7c0ce6 
9 7 638 #7c0ce6 
9 8 639 #7c0ce6 
9 9 640 #7c0ce6 
9 10 641 #7c0ce6 
9 11 642 #7c0ce6 
9 12 643 #339475 
9 13 644 #339475 
9 14 645 #339475 
9 15 646 #339475 
9 16 647 #339475 
9 17 648 #339475 
9 18 649 #9a63f4 
9 19 650 #9a63f4 
9 20 651 #8d81ec 
9 21 652 #8d81ec 
9 22 653 #8d81ec 
9 23 654 #8d81ec 
9 24 655 #8d81ec 
9 25 656 #8d81ec 
9 26 657 #8d81ec 
9 27 658 #8d81ec 
9 28 659 #8d81ec 
9 29 660 #d99d4f 
9 30 661 #4d5620 
9 31 662 #4d5620 
9 32 663 #4d5620 
9 33 664 #4d5620 
9 34 665 #4d5620 
9 35 666 #4d5620 
9 36 667 #4d5620 
9 37 668 #4d5620 
9 38 669 #4d5620 
9 39 670 #4d5620 
9 40 671 #4d5620 
9 41 672 #4d5620 
9 42 673 #4d5620 
9 43 674 #694b65 
9 44 675 #694b65 
9 45 676 #694b65 
9 46 677 #694b65 
9 47 678 #694b65 
9 48 679 #e73943 
9 49 680 #e73943 
9 50 681 #e73943 
9 51 682 #e73943 
9 52 683 #e73943 
9 53 684 #e73943 
9 54 685 #e73943 
9 55 686 #b20a1e 
9 56 687 #b20a1e 
9 57 688 #b20a1e 
9 58 689 #b20a1e 
9 59 690 #b20a1e 
9 60 691 #b20a1e 
9 61 692 #b20a1e 
9 62 693 #b20a1e 
9 63 694 #b20a1e 
9 64 695 #b20a1e 
9 65 696 #fc75f5 
9 66 697 #fc75f5 
9 67 698 #fc75f5 
9 68 699 #fc75f5 
9 69 700 #fc75f5 
10 0 701 #7c0ce6 
10 1 702 #7c0ce6 
10 2 703 #7c0ce6 
10 3 704 #7c0ce6 
10 4 705 #7c0ce6 
10 5 706 #7c0ce6 
10 6 707 #7c0ce6 
10 7 708 #7c0ce6 
10 8 709 #7c0ce6 
10 9 710 #7c0ce6 
10 10 711 #7c0ce6 
10 11 712 #7c0ce6 
10 12 713 #339475 
10 13 714 #339475 
10 14 715 #339475 
10 15 716 #339475 
10 16 717 #339475 
10 17 718 #9a63f4 
10 18 719 #9a63f4 
10 19 720 #9a63f4 
10 20 721 #8d81ec 
10 21 722 #8d81ec 
10 22 723 #8d81ec 
10 23 724 #8d81ec 
10 24 725 #8d81ec 
10 25 726 #8d81ec 
10 26 727 #8d81ec 
10 27 728 #8d81ec 
10 28 729 #8d81ec 
10 29 730 #d99d4f 
10 30 731 #d99d4f 
10 31 732 #4d5620 
10 32 733 #4d5620 
10 33 734 #4d5620 
10 34 735 #4d5620 
10 35 736 #4d5620 
10 36 737 #4d5620 
10 37 738 #4d5620 
10 38 739 #4d5620 
10 39 740 #4d5620 
10 40 741 #4d5620 
10 41 742 #4d5620 
10 42 743 #4d5620 
10 43 744 #694b65 
10 44 745 #694b65 
10 45 746 #694b65 
10 46 747 #694b65 
10 47 748 #e73943 
10 48 749 #e73943 
10 49 750 #e73943 
10 50 751 #e73943 
10 51 752 #e73943 
10 52 753 #e73943 
10 53 754 #e73943 
10 54 755 #e73943 
10 55 756 #b20a1e 
10 56 757 #b20a1e 
10 57 758 #b20a1e 
10 58 759 #b20a1e 
10 59 760 #b20a1e 
10 60 761 #b20a1e 
10 61 762 #b20a1e 
10 62 763 #b20a1e 
10 63 764 #b20a1e 
10 64 765 #b20a1e 
10 65 766 #b20a1e 
10 66 767 #fc75f5 
10 67 768 #fc75f5 
10 68 769 #fc75f5 
10 69 770 #fc75f5 
11 0 771 #7c0ce6 
11 1 772 #7c0ce6 
11 2 773 #7c0ce6 
11 3 774 #7c0ce6 
11 4 775 #7c0ce6 
11 5 776 #7c0ce6 
11 6 777 #7c0ce6 
11 7 778 #7c0ce6 
11 8 779 #7c0ce6 
11 9 780 #7c0ce6 
11 10 781 #7c0ce6 
11 11 782 #192aa2 
11 12 783 #192aa2 
11 13 784 #339475 
11 14 785 #339475 
11 15 786 #339475 
11 16 787 #9a63f4 
11 17 788 #9a63f4 
11 18 789 #9a63f4 
11 19 790 #fcaf33 
11 20 791 #8d81ec 
11 21 792 #8d81ec 
11 22 793 #8d81ec 
11 23 794 #8d81ec 
11 24 795 #8d81ec 
11 25 796 #8d81ec 
11 26 797 #8d81ec 
11 27 798 #8d81ec 
11 28 799 #8d81ec 
11 29 800 #d99d4f 
11 30 801 #d99d4f 
11 31 802 #d99d4f 
11 32 803 #4d5620 
11 33 804 #4d5620 
11 34 805 #4d5620 
11 35 806 #4d5620 
11 36 807 #4d5620 
11 37 808 #4d5620 
11 38 809 #4d5620 
11 39 810 #4d5620 
11 40 811 #4d5620 
11 41 812 #4d5620 
11 42 813 #4d5620 
11 43 814 #4d5620 
11 44 815 #694b65 
11 45 816 #694b65 
11 46 817 #e73943 
11 47 818 #e73943 
11 48 819 #e73943 
11 49 820 #e73943 
11 50 821 #e73943 
11 51 822 #e73943 
11 52 823 #e73943 
11 53 824 #e73943 
11 54 825 #e73943 
11 55 826 #b20a1e 
11 56 827 #b20a1e 
11 57 828 #b20a1e 
11 58 829 #b20a1e 
11 59 830 #b20a1e 
11 60 831 #b20a1e 
11 61 832 #b20a1e 
11 62 833 #b20a1e 
11 63 834 #b20a1e 
11 64 835 #b20a1e 
11 65 836 #b20a1e 
11 66 837 #b20a1e 
11 67 838 #fc75f5 
11 68 839 #fc75f5 
11 69 840 #fc75f5 
12 0 841 #7c0ce6 
12 1 842 #7c0ce6 
12 2 843 #7c0ce6 
12 3 844 #7c0ce6 
12 4 845 #7c0ce6 
12 5 846 #7c0ce6 
12 6 847 #7c0ce6 
12 7 848 #7c0ce6 
12 8 849 #7c0ce6 
12 9 850 #7c0ce6 
12 10 851 #7c0ce6 
12 11 852 #192aa2 
12 12 853 #192aa2 
12 13 854 #192aa2 
12 14 855 #192aa2 
12 15 856 #192aa2 
12 16 857 #9a63f4 
12 17 858 #9a63f4 
12 18 859 #fcaf33 
12 19 860 #fcaf33 
12 20 861 #fcaf33 
12 21 862 #8d81ec 
12 22 863 #8d81ec 
12 23 864 #8d81ec 
12 24 865 #8d81ec 
12 25 866 #8d81ec 
12 26 867 #8d81ec 
12 27 868 #8d81ec 
12 28 869 #9b650c 
12 29 870 #d99d4f 
12 30 871 #d99d4f 
12 31 872 #d99d4f 
12 32 873 #d99d4f 
12 33 874 #4d5620 
12 34 875 #4d5620 
12 35 876 #4d5620 
12 36 877 #4d5620 
12 37 878 #4d5620 
12 38 879 #4d5620 
12 39 880 #4d5620 
12 40 881 #4d5620 
12 41 882 #4d5620 
12 42 883 #4d5620 
12 43 884 #4d5620 
12 44 885 #4d5620 
12 45 886 #e73943 
12 46 887 #e73943 
12 47 888 #e73943 
12 48 889 #e73943 
12 49 890 #e73943 
12 50 891 #e73943 
12 51 892 #e73943 
12 52 893 #e73943 
12 53 894 #e73943 
12 54 895 #e73943 
12 55 896 #e73943 
12 56 897 #b20a1e 
12 57 898 #b20a1e 
12 58 899 #b20a1e 
12 59 900 #b20a1e 
12 60 901 #b20a1e 
12 61 902 #b20a1e 
12 62 903 #b20a1e 
12 63 904 #b20a1e 
12 64 905 #b20a1e 
12 65 906 #b20a1e 
12 66 907 #b20a1e 
12 67 908 #b20a1e 
12 68 909 #fc75f5 
12 69 910 #fc75f5 
13 0 911 #7c0ce6 
13 1 912 #7c0ce6 
13 2 913 #7c0ce6 
13 3 914 #7c0ce6 
13 4 915 #7c0ce6 
13 5 916 #7c0ce6 
13 6 917 #7c0ce6 
13 7 918 #7c0ce6 
13 8 919 #7c0ce6 
13 9 920 #7c0ce6 
13 10 921 #7c0ce6 
13 11 922 #192aa2 
13 12 923 #192aa2 
13 13 924 #192aa2 
13 14 925 #192aa2 
13 15 926 #192aa2 
13 16 927 #192aa2 
13 17 928 #fcaf33 
13 18 929 #fcaf33 
13 19 930 #fcaf33 
13 20 931 #fcaf33 
13 21 932 #fcaf33 
13 22 933 #8d81ec 
13 23 934 #8d81ec 
13 24 935 #8d81ec 
13 25 936 #8d81ec 
13 26 937 #8d81ec 
13 27 938 #9b650c 
13 28 939 #9b650c 
13 29 940 #9b650c 
13 30 941 #d99d4f 
13 31 942 #d99d4f 
13 32 943 #d99d4f 
13 33 944 #d99d4f 
13 34 945 #4d5620 
13 35 946 #4d5620 
13 36 947 #4d5620 
13 37 948 #4d5620 
13 38 949 #4d5620 
13 39 950 #4d5620 
13 40 951 #4d5620 
13 41 952 #4d5620 
13 42 953 #4d5620 
13 43 954 #4d5620 
13 44 955 #4d5620 
13 45 956 #e73943 
13 46 957 #e73943 
13 47 958 #e73943 
13 48 959 #e73943 
13 49 960 #e73943 
13 50 961 #e73943 
13 51 962 #e73943 
13 52 963 #e73943 
13 53 964 #e73943 
13 54 965 #e73943 
13 55 966 #e73943 
13 56 967 #e73943 
13 57 968 #b20a1e 
13 58 969 #b20a1e 
13 59 970 #b20a1e 
13 60 971 #b20a1e 
13 61 972 #b20a1e 
13 62 973 #b20a1e 
13 63 974 #b20a1e 
13 64 975 #b20a1e 
13 65 976 #b20a1e 
13 66 977 #b20a1e 
13 67 978 #b20a1e 
13 68 979 #b20a1e 
13 69 980 #fc75f5 
14 0 981 #7c0ce6 
14 1 982 #7c0ce6 
14 2 983 #7c0ce6 
14 3 984 #7c0ce6 
14 4 985 #7c0ce6 
14 5 986 #7c0ce6 
14 6 987 #7c0ce6 
14 7 988 #7c0ce6 
14 8 989 #7c0ce6 
14 9 990 #7c0ce6 
14 10 991 #192aa2 
14 11 992 #192aa2 
14 12 993 #192aa2 
14 13 994 #192aa2 
14 14 995 #192aa2 
14 15 996 #192aa2 
14 16 997 #192aa2 
14 17 998 #192aa2 
14 18 999 #fcaf33 
14 19 1000 #fcaf33 
14 20 1001 #fcaf33 
14 21 1002 #fcaf33 
14 22 1003 #fcaf33 
14 23 1004 #8d81ec 
14 24 1005 #8d81ec 
14 25 1006 #8d81ec 
14 26 1007 #9b650c 
14 27 1008 #9b650c 
14 28 1009 #9b650c 
14 29 1010 #9b650c 
14 30 1011 #9b650c 
14 31 1012 #d99d4f 
14 32 1013 #d99d4f 
14 33 1014 #d99d4f 
14 34 1015 #d99d4f 
14 35 1016 #d99d4f 
14 36 1017 #d99d4f 
14 37 1018 #d99d4f 
14 38 1019 #4d5620 
14 39 1020 #4d5620 
14 40 1021 #4d5620 
14 41 1022 #4d5620 
14 42 1023 #4d5620 
14 43 1024 #4d5620 
14 44 1025 #8ab710 
14 45 1026 #e73943 
14 46 1027 #e73943 
14 47 1028 #e73943 
14 48 1029 #e73943 
14 49 1030 #e73943 
14 50 1031 #e73943 
14 51 1032 #e73943 
14 52 1033 #e73943 
14 53 1034 #e73943 
14 54 1035 #e73943 
14 55 1036 #e73943 
14 56 1037 #e73943 
14 57 1038 #e73943 
14 58 1039 #b20a1e 
14 59 1040 #b20a1e 
14 60 1041 #b20a1e 
14 61 1042 #b20a1e 
14 62 1043 #b20a1e 
14 63 1044 #b20a1e 
14 64 1045 #b20a1e 
14 65 1046 #b20a1e 
14 66 1047 #b20a1e 
14 67 1048 #b20a1e 
14 68 1049 #b20a1e 
14 69 1050 #b20a1e 
15 0 1051 #7c0ce6 
15 1 1052 #7c0ce6 
15 2 1053 #7c0ce6 
15 3 1054 #7c0ce6 
15 4 1055 #7c0ce6 
15 5 1056 #7c0ce6 
15 6 1057 #7c0ce6 
15 7 1058 #7c0ce6 
15 8 1059 #7c0ce6 
15 9 1060 #192aa2 
15 10 1061 #192aa2 
15 11 1062 #192aa2 
15 12 1063 #192aa2 
15 13 1064 #192aa2 
15 14 1065 #192aa2 
15 15 1066 #192aa2 
15 16 1067 #192aa2 
15 17 1068 #192aa2 
15 18 1069 #192aa2 
15 19 1070 #fcaf33 
15 20 1071 #fcaf33 
15 21 1072 #fcaf33 
15 22 1073 #fcaf33 
15 23 1074 #fcaf33 
15 24 1075 #9b650c 
15 25 1076 #9b650c 
15 26 1077 #9b650c 
15 27 1078 #9b650c 
15 28 1079 #9b650c 
15 29 1080 #9b650c 
15 30 1081 #9b650c 
15 31 1082 #9b650c 
15 32 1083 #d99d4f 
15 33 1084 #d99d4f 
15 34 1085 #d99d4f 
15 35 1086 #d99d4f 
15 36 1087 #d99d4f 
15 37 1088 #d99d4f 
15 38 1089 #d99d4f 
15 39 1090 #4d5620 
15 40 1091 #4d5620 
15 41 1092 #4d5620 
15 42 1093 #4d5620 
15 43 1094 #8ab710 
15 44 1095 #8ab710 
15 45 1096 #8ab710 
15 46 1097 #8ab710 
15 47 1098 #8ab710 
15 48 1099 #8ab710 
15 49 1100 #8ab710 
15 50 1101 #8ab710 
15 51 1102 #f64930 
15 52 1103 #f64930 
15 53 1104 #f64930 
15 54 1105 #f64930 
15 55 1106 #f64930 
15 56 1107 #f64930 
15 57 1108 #f64930 
15 58 1109 #f64930 
15 59 1110 #f64930 
15 60 1111 #f64930 
15 61 1112 #f64930 
15 62 1113 #f64930 
15 63 1114 #b20a1e 
15 64 1115 #b20a1e 
15 65 1116 #b20a1e 
15 66 1117 #b20a1e 
15 67 1118 #b20a1e 
15 68 1119 #b20a1e 
15 69 1120 #b20a1e 
16 0 1121 #7c0ce6 
16 1 1122 #7c0ce6 
16 2 1123 #7c0ce6 
16 3 1124 #7c0ce6 
16 4 1125 #7c0ce6 
16 5 1126 #7c0ce6 
16 6 1127 #7c0ce6 
16 7 1128 #7c0ce6 
16 8 1129 #192aa2 
16 9 1130 #192aa2 
16 10 1131 #192aa2 
16 11 1132 #192aa2 
16 12 1133 #192aa2 
16 13 1134 #192aa2 
16 14 1135 #192aa2 
16 15 1136 #192aa2 
16 16 1137 #192aa2 
16 17 1138 #192aa2 
16 18 1139 #192aa2 
16 19 1140 #192aa2 
16 20 1141 #fcaf33 
16 21 1142 #fcaf33 
16 22 1143 #fcaf33 
16 23 1144 #fcaf33 
16 24 1145 #9b650c 
16 25 1146 #9b650c 
16 26 1147 #9b650c 
16 27 1148 #9b650c 
16 28 1149 #9b650c 
16 29 1150 #9b650c 
16 30 1151 #9b650c 
16 31 1152 #9b650c 
16 32 1153 #d99d4f 
16 33 1154 #d99d4f 
16 34 1155 #d99d4f 
16 35 1156 #d99d4f 
16 36 1157 #d99d4f 
16 37 1158 #d99d4f 
16 38 1159 #d99d4f 
16 39 1160 #d99d4f 
16 40 1161 #8ab710 
16 41 1162 #8ab710 
16 42 1163 #8ab710 
16 43 1164 #8ab710 
16 44 1165 #8ab710 
16 45 1166 #8ab710 
16 46 1167 #8ab710 
16 47 1168 #8ab710 
16 48 1169 #8ab710 
16 49 1170 #8ab710 
16 50 1171 #8ab710 
16 51 1172 #f64930 
16 52 1173 #f64930 
16 53 1174 #f64930 
16 54 1175 #f64930 
16 55 1176 #f64930 
16 56 1177 #f64930 
16 57 1178 #f64930 
16 58 1179 #f64930 
16 59 1180 #f64930 
16 60 1181 #f64930 
16 61 1182 #f64930 
16 62 1183 #f64930 
16 63 1184 #f64930 
16 64 1185 #b20a1e 
16 65 1186 #b20a1e 
16 66 1187 #b20a1e 
16 67 1188 #b20a1e 
16 68 1189 #b20a1e 
16 69 1190 #b20a1e 
17 0 1191 #7c0ce6 
17 1 1192 #7c0ce6 
17 2 1193 #7c0ce6 
17 3 1194 #7c0ce6 
17 4 1195 #7c0ce6 
17 5 1196 #afe237 
17 6 1197 #afe237 
17 7 1198 #192aa2 
17 8 1199 #192aa2 
17 9 1200 #192aa2 
17 10 1201 #192aa2 
17 11 1202 #192aa2 
17 12 1203 #192aa2 
17 13 1204 #192aa2 
17 14 1205 #192aa2 
17 15 1206 #192aa2 
17 16 1207 #192aa2 
17 17 1208 #192aa2 
17 18 1209 #192aa2 
17 19 1210 #192aa2 
17 20 1211 #192aa2 
17 21 1212 #fcaf33 
17 22 1213 #fcaf33 
17 23 1214 #9b650c 
17 24 1215 #9b650c 
17 25 1216 #9b650c 
17 26 1217 #9b650c 
17 27 1218 #9b650c 
17 28 1219 #9b650c 
17 29 1220 #9b650c 
17 30 1221 #9b650c 
17 31 1222 #9b650c 
17 32 1223 #d99d4f 
17 33 1224 #d99d4f 
17 34 1225 #d99d4f 
17 35 1226 #d99d4f 
17 36 1227 #d99d4f 
17 37 1228 #d99d4f 
17 38 1229 #d99d4f 
17 39 1230 #d99d4f 
17 40 1231 #8ab710 
17 41 1232 #8ab710 
17 42 1233 #8ab710 
17 43 1234 #8ab710 
17 44 1235 #8ab710 
17 45 1236 #8ab710 
17 46 1237 #8ab710 
17 47 1238 #8ab710 
17 48 1239 #8ab710 
17 49 1240 #8ab710 
17 50 1241 #8ab710 
17 51 1242 #f64930 
17 52 1243 #f64930 
17 53 1244 #f64930 
17 54 1245 #f64930 
17 55 1246 #f64930 
17 56 1247 #f64930 
17 57 1248 #f64930 
17 58 1249 #f64930 
17 59 1250 #f64930 
17 60 1251 #f64930 
17 61 1252 #f64930 
17 62 1253 #f64930 
17 63 1254 #f64930 
17 64 1255 #f64930 
17 65 1256 #b20a1e 
17 66 1257 #b20a1e 
17 67 1258 #b20a1e 
17 68 1259 #b20a1e 
17 69 1260 #b20a1e 
18 0 1261 #7c0ce6 
18 1 1262 #7c0ce6 
18 2 1263 #7c0ce6 
18 3 1264 #7c0ce6 
18 4 1265 #afe237 
18 5 1266 #afe237 
18 6 1267 #afe237 
18 7 1268 #afe237 
18 8 1269 #192aa2 
18 9 1270 #192aa2 
18 10 1271 #192aa2 
18 11 1272 #192aa2 
18 12 1273 #192aa2 
18 13 1274 #192aa2 
18 14 1275 #192aa2 
18 15 1276 #192aa2 
18 16 1277 #192aa2 
18 17 1278 #192aa2 
18 18 1279 #192aa2 
18 19 1280 #192aa2 
18 20 1281 #192aa2 
18 21 1282 #192aa2 
18 22 1283 #9b650c 
18 23 1284 #9b650c 
18 24 1285 #9b650c 
18 25 1286 #9b650c 
18 26 1287 #9b650c 
18 27 1288 #9b650c 
18 28 1289 #9b650c 
18 29 1290 #9b650c 
18 30 1291 #9b650c 
18 31 1292 #9b650c 
18 32 1293 #d99d4f 
18 33 1294 #d99d4f 
18 34 1295 #d99d4f 
18 35 1296 #d99d4f 
18 36 1297 #d99d4f 
18 37 1298 #d99d4f 
18 38 1299 #d99d4f 
18 39 1300 #d99d4f 
18 40 1301 #8ab710 
18 41 1302 #8ab710 
18 42 1303 #8ab710 
18 43 1304 #8ab710 
18 44 1305 #8ab710 
18 45 1306 #8ab710 
18 46 1307 #8ab710 
18 47 1308 #8ab710 
18 48 1309 #8ab710 
18 49 1310 #8ab710 
18 50 1311 #8ab710 
18 51 1312 #f64930 
18 52 1313 #f64930 
18 53 1314 #f64930 
18 54 1315 #f64930 
18 55 1316 #f64930 
18 56 1317 #f64930 
18 57 1318 #f64930 
18 58 1319 #f64930 
18 59 1320 #f64930 
18 60 1321 #f64930 
18 61 1322 #f64930 
18 62 1323 #f64930 
18 63 1324 #f64930 
18 64 1325 #f64930 
18 65 1326 #f64930 
18 66 1327 #b20a1e 
18 67 1328 #b20a1e 
18 68 1329 #b20a1e 
18 69 1330 #b20a1e 
19 0 1331 #c3dd6a 
19 1 1332 #c3dd6a 
19 2 1333 #c3dd6a 
19 3 1334 #c3dd6a 
19 4 1335 #afe237 
19 5 1336 #afe237 
19 6 1337 #afe237 
19 7 1338 #afe237 
19 8 1339 #afe237 
19 9 1340 #192aa2 
19 10 1341 #192aa2 
19 11 1342 #192aa2 
19 12 1343 #192aa2 
19 13 1344 #192aa2 
19 14 1345 #192aa2 
19 15 1346 #192aa2 
19 16 1347 #192aa2 
19 17 1348 #192aa2 
19 18 1349 #192aa2 
19 19 1350 #192aa2 
19 20 1351 #192aa2 
19 21 1352 #192aa2 
19 22 1353 #9b650c 
19 23 1354 #9b650c 
19 24 1355 #9b650c 
19 25 1356 #9b650c 
19 26 1357 #9b650c 
19 27 1358 #9b650c 
19 28 1359 #9b650c 
19 29 1360 #9b650c 
19 30 1361 #9b650c 
19 31 1362 #9b650c 
19 32 1363 #d99d4f 
19 33 1364 #d99d4f 
19 34 1365 #d99d4f 
19 35 1366 #d99d4f 
19 36 1367 #d99d4f 
19 37 1368 #d99d4f 
19 38 1369 #d99d4f 
19 39 1370 #d99d4f 
19 40 1371 #8ab710 
19 41 1372 #8ab710 
19 42 1373 #8ab710 
19 43 1374 #8ab710 
19 44 1375 #8ab710 
19 45 1376 #8ab710 
19 46 1377 #8ab710 
19 47 1378 #8ab710 
19 48 1379 #8ab710 
19 49 1380 #8ab710 
19 50 1381 #8ab710 
19 51 1382 #f64930 
19 52 1383 #f64930 
19 53 1384 #f64930 
19 54 1385 #f64930 
19 55 1386 #f64930 
19 56 1387 #f64930 
19 57 1388 #f64930 
19 58 1389 #f64930 
19 59 1390 #f64930 
19 60 1391 #f64930 
19 61 1392 #f64930 
19 62 1393 #f64930 
19 63 1394 #f64930 
19 64 1395 #f64930 
19 65 1396 #f64930 
19 66 1397 #f64930 
19 67 1398 #b20a1e 
19 68 1399 #b20a1e 
19 69 1400 #cdb576 
20 0 1401 #c3dd6a 
20 1 1402 #c3dd6a 
20 2 1403 #c3dd6a 
20 3 1404 #c3dd6a 
20 4 1405 #c3dd6a 
20 5 1406 #afe237 
20 6 1407 #afe237 
20 7 1408 #afe237 
20 8 1409 #afe237 
20 9 1410 #afe237 
20 10 1411 #afe237 
20 11 1412 #afe237 
20 12 1413 #afe237 
20 13 1414 #afe237 
20 14 1415 #afe237 
20 15 1416 #afe237 
20 16 1417 #afe237 
20 17 1418 #afe237 
20 18 1419 #192aa2 
20 19 1420 #192aa2 
20 20 1421 #192aa2 
20 21 1422 #71e96e 
20 22 1423 #9b650c 
20 23 1424 #9b650c 
20 24 1425 #9b650c 
20 25 1426 #9b650c 
20 26 1427 #9b650c 
20 27 1428 #9b650c 
20 28 1429 #9b650c 
20 29 1430 #9b650c 
20 30 1431 #9b650c 
20 31 1432 #9b650c 
20 32 1433 #509bdb 
20 33 1434 #509bdb 
20 34 1435 #d99d4f 
20 35 1436 #d99d4f 
20 36 1437 #d99d4f 
20 37 1438 #d99d4f 
20 38 1439 #d99d4f 
20 39 1440 #d99d4f 
20 40 1441 #8ab710 
20 41 1442 #8ab710 
20 42 1443 #8ab710 
20 43 1444 #8ab710 
20 44 1445 #8ab710 
20 45 1446 #8ab710 
20 46 1447 #8ab710 
20 47 1448 #8ab710 
20 48 1449 #8ab710 
20 49 1450 #8ab710 
20 50 1451 #8ab710 
20 51 1452 #f64930 
20 52 1453 #f64930 
20 53 1454 #f64930 
20 54 1455 #f64930 
20 55 1456 #f64930 
20 56 1457 #f64930 
20 57 1458 #f64930 
20 58 1459 #f64930 
20 59 1460 #f64930 
20 60 1461 #f64930 
20 61 1462 #f64930 
20 62 1463 #f64930 
20 63 1464 #f64930 
20 64 1465 #f64930 
20 65 1466 #f64930 
20 66 1467 #f64930 
20 67 1468 #cdb576 
20 68 1469 #cdb576 
20 69 1470 #cdb576 
21 0 1471 #c3dd6a 
21 1 1472 #c3dd6a 
21 2 1473 #c3dd6a 
21 3 1474 #c3dd6a 
21 4 1475 #c3dd6a 
21 5 1476 #c3dd6a 
21 6 1477 #afe237 
21 7 1478 #afe237 
21 8 1479 #afe237 
21 9 1480 #afe237 
21 10 1481 #afe237 
21 11 1482 #afe237 
21 12 1483 #afe237 
21 13 1484 #afe237 
21 14 1485 #afe237 
21 15 1486 #afe237 
21 16 1487 #afe237 
21 17 1488 #afe237 
21 18 1489 #afe237 
21 19 1490 #192aa2 
21 20 1491 #71e96e 
21 21 1492 #71e96e 
21 22 1493 #71e96e 
21 23 1494 #9b650c 
21 24 1495 #9b650c 
21 25 1496 #9b650c 
21 26 1497 #9b650c 
21 27 1498 #9b650c 
21 28 1499 #509bdb 
21 29 1500 #509bdb 
21 30 1501 #509bdb 
21 31 1502 #509bdb 
21 32 1503 #509bdb 
21 33 1504 #509bdb 
21 34 1505 #5ad551 
21 35 1506 #5ad551 
21 36 1507 #5ad551 
21 37 1508 #5ad551 
21 38 1509 #d99d4f 
21 39 1510 #d99d4f 
21 40 1511 #8ab710 
21 41 1512 #8ab710 
21 42 1513 #8ab710 
21 43 1514 #8ab710 
21 44 1515 #8ab710 
21 45 1516 #8ab710 
21 46 1517 #8ab710 
21 47 1518 #8ab710 
21 48 1519 #8ab710 
21 49 1520 #8ab710 
21 50 1521 #8ab710 
21 51 1522 #f64930 
21 52 1523 #f64930 
21 53 1524 #f64930 
21 54 1525 #f64930 
21 55 1526 #f64930 
21 56 1527 #f64930 
21 57 1528 #f64930 
21 58 1529 #f64930 
21 59 1530 #f64930 
21 60 1531 #f64930 
21 61 1532 #f64930 
21 62 1533 #f64930 
21 63 1534 #f64930 
21 64 1535 #f64930 
21 65 1536 #f64930 
21 66 1537 #cdb576 
21 67 1538 #cdb576 
21 68 1539 #cdb576 
21 69 1540 #cdb576 
22 0 1541 #c3dd6a 
22 1 1542 #c3dd6a 
22 2 1543 #c3dd6a 
22 3 1544 #c3dd6a 
22 4 1545 #c3dd6a 
22 5 1546 #c3dd6a 
22 6 1547 #c3dd6a 
22 7 1548 #afe237 
22 8 1549 #afe237 
22 9 1550 #afe237 
22 10 1551 #afe237 
22 11 1552 #afe237 
22 12 1553 #afe237 
22 13 1554 #afe237 
22 14 1555 #afe237 
22 15 1556 #afe237 
22 16 1557 #afe237 
22 17 1558 #afe237 
22 18 1559 #afe237 
22 19 1560 #afe237 
22 20 1561 #71e96e 
22 21 1562 #71e96e 
22 22 1563 #71e96e 
22 23 1564 #71e96e 
22 24 1565 #9b650c 
22 25 1566 #9b650c 
22 26 1567 #9b650c 
22 27 1568 #509bdb 
22 28 1569 #509bdb 
22 29 1570 #509bdb 
22 30 1571 #509bdb 
22 31 1572 #509bdb 
22 32 1573 #509bdb 
22 33 1574 #5ad551 
22 34 1575 #5ad551 
22 35 1576 #5ad551 
22 36 1577 #5ad551 
22 37 1578 #5ad551 
22 38 1579 #5ad551 
22 39 1580 #8ab710 
22 40 1581 #8ab710 
22 41 1582 #8ab710 
22 42 1583 #8ab710 
22 43 1584 #8ab710 
22 44 1585 #8ab710 
22 45 1586 #8ab710 
22 46 1587 #8ab710 
22 47 1588 #8ab710 
22 48 1589 #8ab710 
22 49 1590 #8ab710 
22 50 1591 #8ab710 
22 51 1592 #f64930 
22 52 1593 #f64930 
22 53 1594 #f64930 
22 54 1595 #f64930 
22 55 1596 #f64930 
22 56 1597 #f64930 
22 57 1598 #f64930 
22 58 1599 #f64930 
22 59 1600 #f64930 
22 60 1601 #f64930 
22 61 1602 #f64930 
22 62 1603 #f64930 
22 63 1604 #f64930 
22 64 1605 #f64930 
22 65 1606 #cdb576 
22 66 1607 #cdb576 
22 67 1608 #cdb576 
22 68 1609 #cdb576 
22 69 1610 #cdb576 
23 0 1611 #c3dd6a 
23 1 1612 #c3dd6a 
23 2 1613 #c3dd6a 
23 3 1614 #c3dd6a 
23 4 1615 #c3dd6a 
23 5 1616 #c3dd6a 
23 6 1617 #c3dd6a 
23 7 1618 #c3dd6a 
23 8 1619 #afe237 
23 9 1620 #afe237 
23 10 1621 #afe237 
23 11 1622 #afe237 
23 12 1623 #afe237 
23 13 1624 #afe237 
23 14 1625 #afe237 
23 15 1626 #afe237 
23 16 1627 #afe237 
23 17 1628 #afe237 
23 18 1629 #afe237 
23 19 1630 #83532c 
23 20 1631 #71e96e 
23 21 1632 #71e96e 
23 22 1633 #71e96e 
23 23 1634 #71e96e 
23 24 1635 #71e96e 
23 25 1636 #71e96e 
23 26 1637 #71e96e 
23 27 1638 #509bdb 
23 28 1639 #509bdb 
23 29 1640 #509bdb 
23 30 1641 #509bdb 
23 31 1642 #509bdb 
23 32 1643 #5ad551 
23 33 1644 #5ad551 
23 34 1645 #5ad551 
23 35 1646 #5ad551 
23 36 1647 #5ad551 
23 37 1648 #5ad551 
23 38 1649 #5ad551 
23 39 1650 #8ab710 
23 40 1651 #8ab710 
23 41 1652 #8ab710 
23 42 1653 #8ab710 
23 43 1654 #8ab710 
23 44 1655 #8ab710 
23 45 1656 #8ab710 
23 46 1657 #8ab710 
23 47 1658 #8ab710 
23 48 1659 #8ab710 
23 49 1660 #8ab710 
23 50 1661 #8ab710 
23 51 1662 #f64930 
23 52 1663 #f64930 
23 53 1664 #f64930 
23 54 1665 #f64930 
23 55 1666 #f64930 
23 56 1667 #f64930 
23 57 1668 #f64930 
23 58 1669 #f64930 
23 59 1670 #f64930 
23 60 1671 #f64930 
23 61 1672 #f64930 
23 62 1673 #f64930 
23 63 1674 #f64930 
23 64 1675 #cdb576 
23 65 1676 #cdb576 
23 66 1677 #cdb576 
23 67 1678 #cdb576 
23 68 1679 #cdb576 
23 69 1680 #cdb576 
24 0 1681 #c3dd6a 
24 1 1682 #c3dd6a 
24 2 1683 #c3dd6a 
24 3 1684 #c3dd6a 
24 4 1685 #c3dd6a 
24 5 1686 #c3dd6a 
24 6 1687 #c3dd6a 
24 7 1688 #c3dd6a 
24 8 1689 #c3dd6a 
24 9 1690 #afe237 
24 10 1691 #afe237 
24 11 1692 #afe237 
24 12 1693 #afe237 
24 13 1694 #afe237 
24 14 1695 #afe237 
24 15 1696 #afe237 
24 16 1697 #afe237 
24 17 1698 #afe237 
24 18 1699 #afe237 
24 19 1700 #83532c 
24 20 1701 #83532c 
24 21 1702 #71e96e 
24 22 1703 #71e96e 
24 23 1704 #71e96e 
24 24 1705 #71e96e 
24 25 1706 #71e96e 
24 26 1707 #71e96e 
24 27 1708 #71e96e 
24 28 1709 #509bdb 
24 29 1710 #509bdb 
24 30 1711 #509bdb 
24 31 1712 #509bdb 
24 32 1713 #5ad551 
24 33 1714 #5ad551 
24 34 1715 #5ad551 
24 35 1716 #5ad551 
24 36 1717 #5ad551 
24 37 1718 #5ad551 
24 38 1719 #5ad551 
24 39 1720 #8ab710 
24 40 1721 #8ab710 
24 41 1722 #8ab710 
24 42 1723 #8ab710 
24 43 1724 #8ab710 
24 44 1725 #8ab710 
24 45 1726 #8ab710 
24 46 1727 #8ab710 
24 47 1728 #8ab710 
24 48 1729 #8ab710 
24 49 1730 #8ab710 
24 50 1731 #fa2864 
24 51 1732 #f64930 
24 52 1733 #f64930 
24 53 1734 #f64930 
24 54 1735 #f64930 
24 55 1736 #f64930 
24 56 1737 #f64930 
24 57 1738 #f64930 
24 58 1739 #f64930 
24 59 1740 #f64930 
24 60 1741 #f64930 
24 61 1742 #f64930 
24 62 1743 #f64930 
24 63 1744 #cdb576 
24 64 1745 #cdb576 
24 65 1746 #cdb576 
24 66 1747 #cdb576 
24 67 1748 #cdb576 
24 68 1749 #cdb576 
24 69 1750 #cdb576 
25 0 1751 #c3dd6a 
25 1 1752 #c3dd6a 
25 2 1753 #c3dd6a 
25 3 1754 #c3dd6a 
25 4 1755 #c3dd6a 
25 5 1756 #c3dd6a 
25 6 1757 #c3dd6a 
25 7 1758 #c3dd6a 
25 8 1759 #c3dd6a 
25 9 1760 #c3dd6a 
25 10 1761 #afe237 
25 11 1762 #afe237 
25 12 1763 #afe237 
25 13 1764 #afe237 
25 14 1765 #afe237 
25 15 1766 #afe237 
25 16 1767 #afe237 
25 17 1768 #afe237 
25 18 1769 #afe237 
25 19 1770 #83532c 
25 20 1771 #83532c 
25 21 1772 #83532c 
25 22 1773 #71e96e 
25 23 1774 #71e96e 
25 24 1775 #71e96e 
25 25 1776 #71e96e 
25 26 1777 #71e96e 
25 27 1778 #71e96e 
25 28 1779 #509bdb 
25 29 1780 #509bdb 
25 30 1781 #509bdb 
25 31 1782 #509bdb 
25 32 1783 #5ad551 
25 33 1784 #5ad551 
25 34 1785 #5ad551 
25 35 1786 #5ad551 
25 36 1787 #5ad551 
25 37 1788 #5ad551 
25 38 1789 #5ad551 
25 39 1790 #8ab710 
25 40 1791 #8ab710 
25 41 1792 #8ab710 
25 42 1793 #8ab710 
25 43 1794 #8ab710 
25 44 1795 #8ab710 
25 45 1796 #fa2864 
25 46 1797 #fa2864 
25 47 1798 #fa2864 
25 48 1799 #fa2864 
25 49 1800 #fa2864 
25 50 1801 #fa2864 
25 51 1802 #fa2864 
25 52 1803 #f64930 
25 53 1804 #f64930 
25 54 1805 #f64930 
25 55 1806 #f64930 
25 56 1807 #f64930 
25 57 1808 #f64930 
25 58 1809 #f64930 
25 59 1810 #f64930 
25 60 1811 #f64930 
25 61 1812 #f64930 
25 62 1813 #cdb576 
25 63 1814 #cdb576 
25 64 1815 #cdb576 
25 65 1816 #cdb576 
25 66 1817 #cdb576 
25 67 1818 #cdb576 
25 68 1819 #cdb576 
25 69 1820 #cdb576 
26 0 1821 #c3dd6a 
26 1 1822 #c3dd6a 
26 2 1823 #c3dd6a 
26 3 1824 #c3dd6a 
26 4 1825 #c3dd6a 
26 5 1826 #c3dd6a 
26 6 1827 #c3dd6a 
26 7 1828 #c3dd6a 
26 8 1829 #c3dd6a 
26 9 1830 #c3dd6a 
26 10 1831 #c3dd6a 
26 11 1832 #afe237 
26 12 1833 #afe237 
26 13 1834 #afe237 
26 14 1835 #afe237 
26 15 1836 #afe237 
26 16 1837 #afe237 
26 17 1838 #afe237 
26 18 1839 #afe237 
26 19 1840 #83532c 
26 20 1841 #83532c 
26 21 1842 #83532c 
26 22 1843 #83532c 
26 23 1844 #71e96e 
26 24 1845 #71e96e 
26 25 1846 #71e96e 
26 26 1847 #71e96e 
26 27 1848 #71e96e 
26 28 1849 #b14f04 
26 29 1850 #b14f04 
26 30 1851 #b14f04 
26 31 1852 #5ad551 
26 32 1853 #5ad551 
26 33 1854 #5ad551 
26 34 1855 #5ad551 
26 35 1856 #5ad551 
26 36 1857 #5ad551 
26 37 1858 #5ad551 
26 38 1859 #5ad551 
26 39 1860 #5ad551 
26 40 1861 #8ab710 
26 41 1862 #8ab710 
26 42 1863 #8ab710 
26 43 1864 #8ab710 
26 44 1865 #fa2864 
26 45 1866 #fa2864 
26 46 1867 #fa2864 
26 47 1868 #fa2864 
26 48 1869 #fa2864 
26 49 1870 #fa2864 
26 50 1871 #fa2864 
26 51 1872 #fa2864 
26 52 1873 #fa2864 
26 53 1874 #fa2864 
26 54 1875 #f64930 
26 55 1876 #f64930 
26 56 1877 #f64930 
26 57 1878 #f64930 
26 58 1879 #f64930 
26 59 1880 #f64930 
26 60 1881 #f64930 
26 61 1882 #f64930 
26 62 1883 #cdb576 
26 63 1884 #cdb576 
26 64 1885 #cdb576 
26 65 1886 #cdb576 
26 66 1887 #cdb576 
26 67 1888 #cdb576 
26 68 1889 #cdb576 
26 69 1890 #cdb576 
27 0 1891 #4d1690 
27 1 1892 #c3dd6a 
27 2 1893 #c3dd6a 
27 3 1894 #c3dd6a 
27 4 1895 #c3dd6a 
27 5 1896 #c3dd6a 
27 6 1897 #c3dd6a 
27 7 1898 #c3dd6a 
27 8 1899 #c3dd6a 
27 9 1900 #c3dd6a 
27 10 1901 #c3dd6a 
27 11 1902 #c3dd6a 
27 12 1903 #afe237 
27 13 1904 #afe237 
27 14 1905 #afe237 
27 15 1906 #afe237 
27 16 1907 #afe237 
27 17 1908 #afe237 
27 18 1909 #afe237 
27 19 1910 #83532c 
27 20 1911 #83532c 
27 21 1912 #83532c 
27 22 1913 #83532c 
27 23 1914 #83532c 
27 24 1915 #71e96e 
27 25 1916 #71e96e 
27 26 1917 #71e96e 
27 27 1918 #71e96e 
27 28 1919 #b14f04 
27 29 1920 #b14f04 
27 30 1921 #b14f04 
27 31 1922 #b14f04 
27 32 1923 #5ad551 
27 33 1924 #5ad551 
27 34 1925 #5ad551 
27 35 1926 #5ad551 
27 36 1927 #5ad551 
27 37 1928 #5ad551 
27 38 1929 #5ad551 
27 39 1930 #5ad551 
27 40 1931 #5ad551 
27 41 1932 #8ab710 
27 42 1933 #8ab710 
27 43 1934 #fa2864 
27 44 1935 #fa2864 
27 45 1936 #fa2864 
27 46 1937 #fa2864 
27 47 1938 #fa2864 
27 48 1939 #fa2864 
27 49 1940 #fa2864 
27 50 1941 #fa2864 
27 51 1942 #fa2864 
27 52 1943 #fa2864 
27 53 1944 #fa2864 
27 54 1945 #7a9afe 
27 55 1946 #7a9afe 
27 56 1947 #7a9afe 
27 57 1948 #7a9afe 
27 58 1949 #7a9afe 
27 59 1950 #7a9afe 
27 60 1951 #7a9afe 
27 61 1952 #7a9afe 
27 62 1953 #cdb576 
27 63 1954 #cdb576 
27 64 1955 #cdb576 
27 65 1956 #cdb576 
27 66 1957 #cdb576 
27 67 1958 #cdb576 
27 68 1959 #cdb576 
27 69 1960 #cdb576 
28 0 1961 #4d1690 
28 1 1962 #4d1690 
28 2 1963 #c3dd6a 
28 3 1964 #c3dd6a 
28 4 1965 #c3dd6a 
28 5 1966 #c3dd6a 
28 6 1967 #c3dd6a 
28 7 1968 #c3dd6a 
28 8 1969 #c3dd6a 
28 9 1970 #c3dd6a 
28 10 1971 #c3dd6a 
28 11 1972 #c3dd6a 
28 12 1973 #c3dd6a 
28 13 1974 #afe237 
28 14 1975 #afe237 
28 15 1976 #afe237 
28 16 1977 #afe237 
28 17 1978 #afe237 
28 18 1979 #afe237 
28 19 1980 #83532c 
28 20 1981 #83532c 
28 21 1982 #83532c 
28 22 1983 #83532c 
28 23 1984 #83532c 
28 24 1985 #83532c 
28 25 1986 #83532c 
28 26 1987 #83532c 
28 27 1988 #71e96e 
28 28 1989 #b14f04 
28 29 1990 #b14f04 
28 30 1991 #b14f04 
28 31 1992 #b14f04 
28 32 1993 #b14f04 
28 33 1994 #5ad551 
28 34 1995 #5ad551 
28 35 1996 #5ad551 
28 36 1997 #5ad551 
28 37 1998 #5ad551 
28 38 1999 #5ad551 
28 39 2000 #5ad551 
28 40 2001 #efa684 
28 41 2002 #efa684 
28 42 2003 #efa684 
28 43 2004 #fa2864 
28 44 2005 #fa2864 
28 45 2006 #fa2864 
28 46 2007 #fa2864 
28 47 2008 #fa2864 
28 48 2009 #fa2864 
28 49 2010 #fa2864 
28 50 2011 #fa2864 
28 51 2012 #fa2864 
28 52 2013 #fa2864 
28 53 2014 #fa2864 
28 54 2015 #7a9afe 
28 55 2016 #7a9afe 
28 56 2017 #7a9afe 
28 57 2018 #7a9afe 
28 58 2019 #7a9afe 
28 59 2020 #7a9afe 
28 60 2021 #7a9afe 
28 61 2022 #7a9afe 
28 62 2023 #cdb576 
28 63 2024 #cdb576 
28 64 2025 #cdb576 
28 65 2026 #cdb576 
28 66 2027 #cdb576 
28 67 2028 #cdb576 
28 68 2029 #cdb576 
28 69 2030 #cdb576 
29 0 2031 #4d1690 
29 1 2032 #4d1690 
29 2 2033 #4d1690 
29 3 2034 #c3dd6a 
29 4 2035 #c3dd6a 
29 5 2036 #c3dd6a 
29 6 2037 #c3dd6a 
29 7 2038 #c3dd6a 
29 8 2039 #c3dd6a 
29 9 2040 #c3dd6a 
29 10 2041 #c3dd6a 
29 11 2042 #c3dd6a 
29 12 2043 #c3dd6a 
29 13 2044 #c3dd6a 
29 14 2045 #afe237 
29 15 2046 #afe237 
29 16 2047 #afe237 
29 17 2048 #afe237 
29 18 2049 #afe237 
29 19 2050 #83532c 
29 20 2051 #83532c 
29 21 2052 #83532c 
29 22 2053 #83532c 
29 23 2054 #83532c 
29 24 2055 #83532c 
29 25 2056 #83532c 
29 26 2057 #83532c 
29 27 2058 #83532c 
29 28 2059 #b14f04 
29 29 2060 #b14f04 
29 30 2061 #b14f04 
29 31 2062 #b14f04 
29 32 2063 #b14f04 
29 33 2064 #b14f04 
29 34 2065 #5ad551 
29 35 2066 #5ad551 
29 36 2067 #5ad551 
29 37 2068 #5ad551 
29 38 2069 #5ad551 
29 39 2070 #efa684 
29 40 2071 #efa684 
29 41 2072 #efa684 
29 42 2073 #efa684 
29 43 2074 #efa684 
29 44 2075 #fa2864 
29 45 2076 #fa2864 
29 46 2077 #fa2864 
29 47 2078 #fa2864 
29 48 2079 #fa2864 
29 49 2080 #fa2864 
29 50 2081 #fa2864 
29 51 2082 #fa2864 
29 52 2083 #fa2864 
29 53 2084 #fa2864 
29 54 2085 #7a9afe 
29 55 2086 #7a9afe 
29 56 2087 #7a9afe 
29 57 2088 #7a9afe 
29 58 2089 #7a9afe 
29 59 2090 #7a9afe 
29 60 2091 #7a9afe 
29 61 2092 #7a9afe 
29 62 2093 #7a9afe 
29 63 2094 #cdb576 
29 64 2095 #cdb576 
29 65 2096 #cdb576 
29 66 2097 #cdb576 
29 67 2098 #cdb576 
29 68 2099 #cdb576 
29 69 2100 #cdb576 
30 0 2101 #eaa21f 
30 1 2102 #4d1690 
30 2 2103 #4d1690 
30 3 2104 #4d1690 
30 4 2105 #c3dd6a 
30 5 2106 #c3dd6a 
30 6 2107 #c3dd6a 
30 7 2108 #c3dd6a 
30 8 2109 #c3dd6a 
30 9 2110 #c3dd6a 
30 10 2111 #c3dd6a 
30 11 2112 #c3dd6a 
30 12 2113 #c3dd6a 
30 13 2114 #c3dd6a 
30 14 2115 #c3dd6a 
30 15 2116 #afe237 
30 16 2117 #afe237 
30 17 2118 #afe237 
30 18 2119 #afe237 
30 19 2120 #83532c 
30 20 2121 #83532c 
30 21 2122 #83532c 
30 22 2123 #83532c 
30 23 2124 #83532c 
30 24 2125 #83532c 
30 25 2126 #83532c 
30 26 2127 #83532c 
30 27 2128 #83532c 
30 28 2129 #83532c 
30 29 2130 #b14f04 
30 30 2131 #b14f04 
30 31 2132 #b14f04 
30 32 2133 #b14f04 
30 33 2134 #b14f04 
30 34 2135 #b14f04 
30 35 2136 #efa684 
30 36 2137 #efa684 
30 37 2138 #efa684 
30 38 2139 #efa684 
30 39 2140 #efa684 
30 40 2141 #efa684 
30 41 2142 #efa684 
30 42 2143 #efa684 
30 43 2144 #efa684 
30 44 2145 #fa2864 
30 45 2146 #fa2864 
30 46 2147 #fa2864 
30 47 2148 #fa2864 
30 48 2149 #fa2864 
30 49 2150 #fa2864 
30 50 2151 #fa2864 
30 51 2152 #fa2864 
30 52 2153 #fa2864 
30 53 2154 #fa2864 
30 54 2155 #7a9afe 
30 55 2156 #7a9afe 
30 56 2157 #7a9afe 
30 57 2158 #7a9afe 
30 58 2159 #7a9afe 
30 59 2160 #7a9afe 
30 60 2161 #7a9afe 
30 61 2162 #7a9afe 
30 62 2163 #7a9afe 
30 63 2164 #cdb576 
30 64 2165 #cdb576 
30 65 2166 #cdb576 
30 66 2167 #cdb576 
30 67 2168 #cdb576 
30 68 2169 #cdb576 
30 69 2170 #cdb576 
31 0 2171 #eaa21f 
31 1 2172 #eaa21f 
31 2 2173 #4d1690 
31 3 2174 #4d1690 
31 4 2175 #4d1690 
31 5 2176 #c3dd6a 
31 6 2177 #c3dd6a 
31 7 2178 #c3dd6a 
31 8 2179 #c3dd6a 
31 9 2180 #c3dd6a 
31 10 2181 #c3dd6a 
31 11 2182 #c3dd6a 
31 12 2183 #c3dd6a 
31 13 2184 #c3dd6a 
31 14 2185 #c3dd6a 
31 15 2186 #c3dd6a 
31 16 2187 #afe237 
31 17 2188 #afe237 
31 18 2189 #afe237 
31 19 2190 #83532c 
31 20 2191 #83532c 
31 21 2192 #83532c 
31 22 2193 #83532c 
31 23 2194 #83532c 
31 24 2195 #83532c 
31 25 2196 #83532c 
31 26 2197 #83532c 
31 27 2198 #83532c 
31 28 2199 #83532c 
31 29 2200 #83532c 
31 30 2201 #b14f04 
31 31 2202 #b14f04 
31 32 2203 #b14f04 
31 33 2204 #b14f04 
31 34 2205 #b14f04 
31 35 2206 #efa684 
31 36 2207 #efa684 
31 37 2208 #efa684 
31 38 2209 #efa684 
31 39 2210 #efa684 
31 40 2211 #efa684 
31 41 2212 #efa684 
31 42 2213 #efa684 
31 43 2214 #efa684 
31 44 2215 #efa684 
31 45 2216 #fa2864 
31 46 2217 #fa2864 
31 47 2218 #fa2864 
31 48 2219 #fa2864 
31 49 2220 #fa2864 
31 50 2221 #fa2864 
31 51 2222 #fa2864 
31 52 2223 #fa2864 
31 53 2224 #fa2864 
31 54 2225 #7a9afe 
31 55 2226 #7a9afe 
31 56 2227 #7a9afe 
31 57 2228 #7a9afe 
31 58 2229 #7a9afe 
31 59 2230 #7a9afe 
31 60 2231 #7a9afe 
31 61 2232 #7a9afe 
31 62 2233 #7a9afe 
31 63 2234 #cdb576 
31 64 2235 #cdb576 
31 65 2236 #cdb576 
31 66 2237 #cdb576 
31 67 2238 #cdb576 
31 68 2239 #cdb576 
31 69 2240 #cdb576 
32 0 2241 #eaa21f 
32 1 2242 #eaa21f 
32 2 2243 #eaa21f 
32 3 2244 #4d1690 
32 4 2245 #4d1690 
32 5 2246 #4d1690 
32 6 2247 #4d1690 
32 7 2248 #4d1690 
32 8 2249 #4d1690 
32 9 2250 #4d1690 
32 10 2251 #4d1690 
32 11 2252 #4d1690 
32 12 2253 #4d1690 
32 13 2254 #c3dd6a 
32 14 2255 #c3dd6a 
32 15 2256 #c3dd6a 
32 16 2257 #c3dd6a 
32 17 2258 #afe237 
32 18 2259 #83532c 
32 19 2260 #83532c 
32 20 2261 #83532c 
32 21 2262 #83532c 
32 22 2263 #83532c 
32 23 2264 #83532c 
32 24 2265 #83532c 
32 25 2266 #83532c 
32 26 2267 #83532c 
32 27 2268 #83532c 
32 28 2269 #83532c 
32 29 2270 #83532c 
32 30 2271 #83532c 
32 31 2272 #b14f04 
32 32 2273 #b14f04 
32 33 2274 #b14f04 
32 34 2275 #b14f04 
32 35 2276 #efa684 
32 36 2277 #efa684 
32 37 2278 #efa684 
32 38 2279 #efa684 
32 39 2280 #efa684 
32 40 2281 #efa684 
32 41 2282 #efa684 
32 42 2283 #efa684 
32 43 2284 #efa684 
32 44 2285 #efa684 
32 45 2286 #fa2864 
32 46 2287 #fa2864 
32 47 2288 #fa2864 
32 48 2289 #fa2864 
32 49 2290 #fa2864 
32 50 2291 #fa2864 
32 51 2292 #fa2864 
32 52 2293 #fa2864 
32 53 2294 #fa2864 
32 54 2295 #7a9afe 
32 55 2296 #7a9afe 
32 56 2297 #7a9afe 
32 57 2298 #7a9afe 
32 58 2299 #7a9afe 
32 59 2300 #7a9afe 
32 60 2301 #7a9afe 
32 61 2302 #7a9afe 
32 62 2303 #7a9afe 
32 63 2304 #cdb576 
32 64 2305 #cdb576 
32 65 2306 #cdb576 
32 66 2307 #cdb576 
32 67 2308 #cdb576 
32 68 2309 #cdb576 
32 69 2310 #cdb576 
33 0 2311 #eaa21f 
33 1 2312 #eaa21f 
33 2 2313 #eaa21f 
33 3 2314 #eaa21f 
33 4 2315 #4d1690 
33 5 2316 #4d1690 
33 6 2317 #4d1690 
33 7 2318 #4d1690 
33 8 2319 #4d1690 
33 9 2320 #4d1690 
33 10 2321 #4d1690 
33 11 2322 #4d1690 
33 12 2323 #4d1690 
33 13 2324 #4d1690 
33 14 2325 #c3dd6a 
33 15 2326 #c3dd6a 
33 16 2327 #c3dd6a 
33 17 2328 #e0eeac 
33 18 2329 #83532c 
33 19 2330 #83532c 
33 20 2331 #83532c 
33 21 2332 #83532c 
33 22 2333 #83532c 
33 23 2334 #83532c 
33 24 2335 #83532c 
33 25 2336 #83532c 
33 26 2337 #83532c 
33 27 2338 #83532c 
33 28 2339 #83532c 
33 29 2340 #83532c 
33 30 2341 #83532c 
33 31 2342 #83532c 
33 32 2343 #b14f04 
33 33 2344 #b14f04 
33 34 2345 #efa684 
33 35 2346 #efa684 
33 36 2347 #efa684 
33 37 2348 #efa684 
33 38 2349 #efa684 
33 39 2350 #efa684 
33 40 2351 #efa684 
33 41 2352 #efa684 
33 42 2353 #efa684 
33 43 2354 #efa684 
33 44 2355 #efa684 
33 45 2356 #fa2864 
33 46 2357 #fa2864 
33 47 2358 #fa2864 
33 48 2359 #fa2864 
33 49 2360 #fa2864 
33 50 2361 #fa2864 
33 51 2362 #fa2864 
33 52 2363 #fa2864 
33 53 2364 #fa2864 
33 54 2365 #7a9afe 
33 55 2366 #7a9afe 
33 56 2367 #7a9afe 
33 57 2368 #7a9afe 
33 58 2369 #7a9afe 
33 59 2370 #7a9afe 
33 60 2371 #7a9afe 
33 61 2372 #7a9afe 
33 62 2373 #7a9afe 
33 63 2374 #cdb576 
33 64 2375 #cdb576 
33 65 2376 #cdb576 
33 66 2377 #cdb576 
33 67 2378 #cdb576 
33 68 2379 #cdb576 
33 69 2380 #cdb576 
34 0 2381 #eaa21f 
34 1 2382 #eaa21f 
34 2 2383 #eaa21f 
34 3 2384 #eaa21f 
34 4 2385 #eaa21f 
34 5 2386 #4d1690 
34 6 2387 #4d1690 
34 7 2388 #4d1690 
34 8 2389 #4d1690 
34 9 2390 #4d1690 
34 10 2391 #4d1690 
34 11 2392 #4d1690 
34 12 2393 #4d1690 
34 13 2394 #4d1690 
34 14 2395 #4d1690 
34 15 2396 #e0eeac 
34 16 2397 #e0eeac 
34 17 2398 #e0eeac 
34 18 2399 #e0eeac 
34 19 2400 #83532c 
34 20 2401 #83532c 
34 21 2402 #83532c 
34 22 2403 #83532c 
34 23 2404 #83532c 
34 24 2405 #83532c 
34 25 2406 #83532c 
34 26 2407 #83532c 
34 27 2408 #83532c 
34 28 2409 #83532c 
34 29 2410 #83532c 
34 30 2411 #83532c 
34 31 2412 #5c710c 
34 32 2413 #5c710c 
34 33 2414 #5c710c 
34 34 2415 #efa684 
34 35 2416 #efa684 
34 36 2417 #efa684 
34 37 2418 #efa684 
34 38 2419 #efa684 
34 39 2420 #efa684 
34 40 2421 #efa684 
34 41 2422 #efa684 
34 42 2423 #efa684 
34 43 2424 #efa684 
34 44 2425 #efa684 
34 45 2426 #fa2864 
34 46 2427 #fa2864 
34 47 2428 #fa2864 
34 48 2429 #fa2864 
34 49 2430 #fa2864 
34 50 2431 #fa2864 
34 51 2432 #fa2864 
34 52 2433 #fa2864 
34 53 2434 #fa2864 
34 54 2435 #7a9afe 
34 55 2436 #7a9afe 
34 56 2437 #7a9afe 
34 57 2438 #7a9afe 
34 58 2439 #7a9afe 
34 59 2440 #7a9afe 
34 60 2441 #7a9afe 
34 61 2442 #7a9afe 
34 62 2443 #7a9afe 
34 63 2444 #cdb576 
34 64 2445 #cdb576 
34 65 2446 #cdb576 
34 66 2447 #cdb576 
34 67 2448 #cdb576 
34 68 2449 #cdb576 
34 69 2450 #cdb576 
35 0 2451 #eaa21f 
35 1 2452 #eaa21f 
35 2 2453 #eaa21f 
35 3 2454 #eaa21f 
35 4 2455 #eaa21f 
35 5 2456 #eaa21f 
35 6 2457 #4d1690 
35 7 2458 #4d1690 
35 8 2459 #4d1690 
35 9 2460 #4d1690 
35 10 2461 #4d1690 
35 11 2462 #4d1690 
35 12 2463 #4d1690 
35 13 2464 #4d1690 
35 14 2465 #e0eeac 
35 15 2466 #e0eeac 
35 16 2467 #e0eeac 
35 17 2468 #e0eeac 
35 18 2469 #e0eeac 
35 19 2470 #e0eeac 
35 20 2471 #e0eeac 
35 21 2472 #e0eeac 
35 22 2473 #e0eeac 
35 23 2474 #83532c 
35 24 2475 #83532c 
35 25 2476 #83532c 
35 26 2477 #83532c 
35 27 2478 #83532c 
35 28 2479 #5c710c 
35 29 2480 #5c710c 
35 30 2481 #5c710c 
35 31 2482 #5c710c 
35 32 2483 #5c710c 
35 33 2484 #5c710c 
35 34 2485 #5c710c 
35 35 2486 #efa684 
35 36 2487 #efa684 
35 37 2488 #efa684 
35 38 2489 #efa684 
35 39 2490 #efa684 
35 40 2491 #efa684 
35 41 2492 #efa684 
35 42 2493 #efa684 
35 43 2494 #efa684 
35 44 2495 #efa684 
35 45 2496 #efa684 
35 46 2497 #fa2864 
35 47 2498 #fa2864 
35 48 2499 #fa2864 
35 49 2500 #fa2864 
35 50 2501 #fa2864 
35 51 2502 #fa2864 
35 52 2503 #fa2864 
35 53 2504 #7a9afe 
35 54 2505 #7a9afe 
35 55 2506 #7a9afe 
35 56 2507 #7a9afe 
35 57 2508 #7a9afe 
35 58 2509 #7a9afe 
35 59 2510 #7a9afe 
35 60 2511 #7a9afe 
35 61 2512 #7a9afe 
35 62 2513 #7a9afe 
35 63 2514 #7a9afe 
35 64 2515 #cdb576 
35 65 2516 #cdb576 
35 66 2517 #cdb576 
35 67 2518 #cdb576 
35 68 2519 #cdb576 
35 69 2520 #cdb576 
36 0 2521 #eaa21f 
36 1 2522 #eaa21f 
36 2 2523 #eaa21f 
36 3 2524 #eaa21f 
36 4 2525 #eaa21f 
36 5 2526 #eaa21f 
36 6 2527 #4d1690 
36 7 2528 #4d1690 
36 8 2529 #4d1690 
36 9 2530 #4d1690 
36 10 2531 #4d1690 
36 11 2532 #4d1690 
36 12 2533 #4d1690 
36 13 2534 #e0eeac 
36 14 2535 #e0eeac 
36 15 2536 #e0eeac 
36 16 2537 #e0eeac 
36 17 2538 #e0eeac 
36 18 2539 #e0eeac 
36 19 2540 #e0eeac 
36 20 2541 #e0eeac 
36 21 2542 #e0eeac 
36 22 2543 #e0eeac 
36 23 2544 #269c27 
36 24 2545 #269c27 
36 25 2546 #269c27 
36 26 2547 #269c27 
36 27 2548 #269c27 
36 28 2549 #5c710c 
36 29 2550 #5c710c 
36 30 2551 #5c710c 
36 31 2552 #5c710c 
36 32 2553 #5c710c 
36 33 2554 #5c710c 
36 34 2555 #5c710c 
36 35 2556 #5c710c 
36 36 2557 #efa684 
36 37 2558 #efa684 
36 38 2559 #efa684 
36 39 2560 #efa684 
36 40 2561 #efa684 
36 41 2562 #efa684 
36 42 2563 #efa684 
36 43 2564 #efa684 
36 44 2565 #efa684 
36 45 2566 #efa684 
36 46 2567 #efa684 
36 47 2568 #fa2864 
36 48 2569 #fa2864 
36 49 2570 #fa2864 
36 50 2571 #fa2864 
36 51 2572 #fa2864 
36 52 2573 #7a9afe 
36 53 2574 #7a9afe 
36 54 2575 #7a9afe 
36 55 2576 #7a9afe 
36 56 2577 #7a9afe 
36 57 2578 #7a9afe 
36 58 2579 #7a9afe 
36 59 2580 #7a9afe 
36 60 2581 #7a9afe 
36 61 2582 #7a9afe 
36 62 2583 #7a9afe 
36 63 2584 #7a9afe 
36 64 2585 #7a9afe 
36 65 2586 #cdb576 
36 66 2587 #cdb576 
36 67 2588 #cdb576 
36 68 2589 #cdb576 
36 69 2590 #cdb576 
37 0 2591 #eaa21f 
37 1 2592 #eaa21f 
37 2 2593 #eaa21f 
37 3 2594 #eaa21f 
37 4 2595 #eaa21f 
37 5 2596 #eaa21f 
37 6 2597 #4d1690 
37 7 2598 #4d1690 
37 8 2599 #4d1690 
37 9 2600 #4d1690 
37 10 2601 #4d1690 
37 11 2602 #4d1690 
37 12 2603 #4d1690 
37 13 2604 #e0eeac 
37 14 2605 #e0eeac 
37 15 2606 #e0eeac 
37 16 2607 #e0eeac 
37 17 2608 #e0eeac 
37 18 2609 #e0eeac 
37 19 2610 #e0eeac 
37 20 2611 #e0eeac 
37 21 2612 #e0eeac 
37 22 2613 #269c27 
37 23 2614 #269c27 
37 24 2615 #269c27 
37 25 2616 #269c27 
37 26 2617 #269c27 
37 27 2618 #269c27 
37 28 2619 #269c27 
37 29 2620 #5c710c 
37 30 2621 #5c710c 
37 31 2622 #5c710c 
37 32 2623 #5c710c 
37 33 2624 #5c710c 
37 34 2625 #5c710c 
37 35 2626 #5c710c 
37 36 2627 #efa684 
37 37 2628 #efa684 
37 38 2629 #efa684 
37 39 2630 #efa684 
37 40 2631 #efa684 
37 41 2632 #efa684 
37 42 2633 #efa684 
37 43 2634 #efa684 
37 44 2635 #efa684 
37 45 2636 #efa684 
37 46 2637 #fde941 
37 47 2638 #fde941 
37 48 2639 #fde941 
37 49 2640 #fde941 
37 50 2641 #fde941 
37 51 2642 #fde941 
37 52 2643 #7a9afe 
37 53 2644 #7a9afe 
37 54 2645 #7a9afe 
37 55 2646 #7a9afe 
37 56 2647 #7a9afe 
37 57 2648 #7a9afe 
37 58 2649 #7a9afe 
37 59 2650 #7a9afe 
37 60 2651 #7a9afe 
37 61 2652 #7a9afe 
37 62 2653 #7a9afe 
37 63 2654 #7a9afe 
37 64 2655 #7a9afe 
37 65 2656 #7a9afe 
37 66 2657 #cdb576 
37 67 2658 #cdb576 
37 68 2659 #cdb576 
37 69 2660 #cdb576 
38 0 2661 #eaa21f 
38 1 2662 #eaa21f 
38 2 2663 #eaa21f 
38 3 2664 #eaa21f 
38 4 2665 #eaa21f 
38 5 2666 #eaa21f 
38 6 2667 #7bc4c1 
38 7 2668 #4d1690 
38 8 2669 #4d1690 
38 9 2670 #4d1690 
38 10 2671 #4d1690 
38 11 2672 #4d1690 
38 12 2673 #4d1690 
38 13 2674 #e0eeac 
38 14 2675 #e0eeac 
38 15 2676 #e0eeac 
38 16 2677 #e0eeac 
38 17 2678 #e0eeac 
38 18 2679 #e0eeac 
38 19 2680 #e0eeac 
38 20 2681 #e0eeac 
38 21 2682 #269c27 
38 22 2683 #269c27 
38 23 2684 #269c27 
38 24 2685 #269c27 
38 25 2686 #269c27 
38 26 2687 #269c27 
38 27 2688 #269c27 
38 28 2689 #269c27 
38 29 2690 #5c710c 
38 30 2691 #5c710c 
38 31 2692 #5c710c 
38 32 2693 #5c710c 
38 33 2694 #5c710c 
38 34 2695 #5c710c 
38 35 2696 #5c710c 
38 36 2697 #f3dc74 
38 37 2698 #f3dc74 
38 38 2699 #efa684 
38 39 2700 #efa684 
38 40 2701 #efa684 
38 41 2702 #efa684 
38 42 2703 #efa684 
38 43 2704 #efa684 
38 44 2705 #efa684 
38 45 2706 #efa684 
38 46 2707 #fde941 
38 47 2708 #fde941 
38 48 2709 #fde941 
38 49 2710 #fde941 
38 50 2711 #fde941 
38 51 2712 #fde941 
38 52 2713 #fde941 
38 53 2714 #fde941 
38 54 2715 #fde941 
38 55 2716 #fde941 
38 56 2717 #fde941 
38 57 2718 #fde941 
38 58 2719 #fde941 
38 59 2720 #7a9afe 
38 60 2721 #7a9afe 
38 61 2722 #7a9afe 
38 62 2723 #7a9afe 
38 63 2724 #7a9afe 
38 64 2725 #7a9afe 
38 65 2726 #7a9afe 
38 66 2727 #7a9afe 
38 67 2728 #cdb576 
38 68 2729 #cdb576 
38 69 2730 #cdb576 
39 0 2731 #eaa21f 
39 1 2732 #eaa21f 
39 2 2733 #eaa21f 
39 3 2734 #7bc4c1 
39 4 2735 #7bc4c1 
39 5 2736 #7bc4c1 
39 6 2737 #7bc4c1 
39 7 2738 #7bc4c1 
39 8 2739 #4d1690 
39 9 2740 #4d1690 
39 10 2741 #4d1690 
39 11 2742 #4d1690 
39 12 2743 #4d1690 
39 13 2744 #e0eeac 
39 14 2745 #e0eeac 
39 15 2746 #e0eeac 
39 16 2747 #e0eeac 
39 17 2748 #e0eeac 
39 18 2749 #e0eeac 
39 19 2750 #e0eeac 
39 20 2751 #e0eeac 
39 21 2752 #269c27 
39 22 2753 #269c27 
39 23 2754 #269c27 
39 24 2755 #269c27 
39 25 2756 #269c27 
39 26 2757 #269c27 
39 27 2758 #269c27 
39 28 2759 #269c27 
39 29 2760 #5c710c 
39 30 2761 #5c710c 
39 31 2762 #5c710c 
39 32 2763 #5c710c 
39 33 2764 #5c710c 
39 34 2765 #5c710c 
39 35 2766 #f3dc74 
39 36 2767 #f3dc74 
39 37 2768 #f3dc74 
39 38 2769 #f3dc74 
39 39 2770 #efa684 
39 40 2771 #efa684 
39 41 2772 #efa684 
39 42 2773 #efa684 
39 43 2774 #efa684 
39 44 2775 #efa684 
39 45 2776 #efa684 
39 46 2777 #fde941 
39 47 2778 #fde941 
39 48 2779 #fde941 
39 49 2780 #fde941 
39 50 2781 #fde941 
39 51 2782 #fde941 
39 52 2783 #fde941 
39 53 2784 #fde941 
39 54 2785 #fde941 
39 55 2786 #fde941 
39 56 2787 #fde941 
39 57 2788 #fde941 
39 58 2789 #fde941 
39 59 2790 #fde941 
39 60 2791 #7a9afe 
39 61 2792 #7a9afe 
39 62 2793 #7a9afe 
39 63 2794 #7a9afe 
39 64 2795 #7a9afe 
39 65 2796 #7a9afe 
39 66 2797 #7a9afe 
39 67 2798 #7a9afe 
39 68 2799 #cdb576 
39 69 2800 #cdb576 
40 0 2801 #eaa21f 
40 1 2802 #eaa21f 
40 2 2803 #7bc4c1 
40 3 2804 #7bc4c1 
40 4 2805 #7bc4c1 
40 5 2806 #7bc4c1 
40 6 2807 #7bc4c1 
40 7 2808 #7bc4c1 
40 8 2809 #7bc4c1 
40 9 2810 #4d1690 
40 10 2811 #4d1690 
40 11 2812 #4d1690 
40 12 2813 #4d1690 
40 13 2814 #e0eeac 
40 14 2815 #e0eeac 
40 15 2816 #e0eeac 
40 16 2817 #e0eeac 
40 17 2818 #e0eeac 
40 18 2819 #e0eeac 
40 19 2820 #e0eeac 
40 20 2821 #e0eeac 
40 21 2822 #269c27 
40 22 2823 #269c27 
40 23 2824 #269c27 
40 24 2825 #269c27 
40 25 2826 #269c27 
40 26 2827 #269c27 
40 27 2828 #269c27 
40 28 2829 #269c27 
40 29 2830 #5c710c 
40 30 2831 #5c710c 
40 31 2832 #5c710c 
40 32 2833 #5c710c 
40 33 2834 #5c710c 
40 34 2835 #f3dc74 
40 35 2836 #f3dc74 
40 36 2837 #f3dc74 
40 37 2838 #f3dc74 
40 38 2839 #f3dc74 
40 39 2840 #f3dc74 
40 40 2841 #efa684 
40 41 2842 #efa684 
40 42 2843 #efa684 
40 43 2844 #efa684 
40 44 2845 #efa684 
40 45 2846 #efa684 
40 46 2847 #fde941 
40 47 2848 #fde941 
40 48 2849 #fde941 
40 49 2850 #fde941 
40 50 2851 #fde941 
40 51 2852 #fde941 
40 52 2853 #fde941 
40 53 2854 #fde941 
40 54 2855 #fde941 
40 55 2856 #fde941 
40 56 2857 #fde941 
40 57 2858 #fde941 
40 58 2859 #fde941 
40 59 2860 #fde941 
40 60 2861 #fde941 
40 61 2862 #7a9afe 
40 62 2863 #7a9afe 
40 63 2864 #7a9afe 
40 64 2865 #7a9afe 
40 65 2866 #7a9afe 
40 66 2867 #7a9afe 
40 67 2868 #7a9afe 
40 68 2869 #7a9afe 
40 69 2870 #cdb576 
41 0 2871 #eaa21f 
41 1 2872 #7bc4c1 
41 2 2873 #7bc4c1 
41 3 2874 #7bc4c1 
41 4 2875 #7bc4c1 
41 5 2876 #7bc4c1 
41 6 2877 #7bc4c1 
41 7 2878 #7bc4c1 
41 8 2879 #7bc4c1 
41 9 2880 #7bc4c1 
41 10 2881 #4d1690 
41 11 2882 #4d1690 
41 12 2883 #e0eeac 
41 13 2884 #e0eeac 
41 14 2885 #e0eeac 
41 15 2886 #e0eeac 
41 16 2887 #e0eeac 
41 17 2888 #e0eeac 
41 18 2889 #e0eeac 
41 19 2890 #e0eeac 
41 20 2891 #e0eeac 
41 21 2892 #269c27 
41 22 2893 #269c27 
41 23 2894 #269c27 
41 24 2895 #269c27 
41 25 2896 #269c27 
41 26 2897 #269c27 
41 27 2898 #269c27 
41 28 2899 #269c27 
41 29 2900 #5c710c 
41 30 2901 #5c710c 
41 31 2902 #5c710c 
41 32 2903 #5c710c 
41 33 2904 #f3dc74 
41 34 2905 #f3dc74 
41 35 2906 #f3dc74 
41 36 2907 #f3dc74 
41 37 2908 #f3dc74 
41 38 2909 #f3dc74 
41 39 2910 #f3dc74 
41 40 2911 #f3dc74 
41 41 2912 #efa684 
41 42 2913 #efa684 
41 43 2914 #efa684 
41 44 2915 #efa684 
41 45 2916 #efa684 
41 46 2917 #fde941 
41 47 2918 #fde941 
41 48 2919 #fde941 
41 49 2920 #fde941 
41 50 2921 #fde941 
41 51 2922 #fde941 
41 52 2923 #fde941 
41 53 2924 #fde941 
41 54 2925 #fde941 
41 55 2926 #fde941 
41 56 2927 #fde941 
41 57 2928 #fde941 
41 58 2929 #fde941 
41 59 2930 #fde941 
41 60 2931 #fde941 
41 61 2932 #fde941 
41 62 2933 #7a9afe 
41 63 2934 #7a9afe 
41 64 2935 #7a9afe 
41 65 2936 #7a9afe 
41 66 2937 #7a9afe 
41 67 2938 #7a9afe 
41 68 2939 #7a9afe 
41 69 2940 #7a9afe 
42 0 2941 #7bc4c1 
42 1 2942 #7bc4c1 
42 2 2943 #7bc4c1 
42 3 2944 #7bc4c1 
42 4 2945 #7bc4c1 
42 5 2946 #7bc4c1 
42 6 2947 #7bc4c1 
42 7 2948 #7bc4c1 
42 8 2949 #7bc4c1 
42 9 2950 #7bc4c1 
42 10 2951 #7bc4c1 
42 11 2952 #e0eeac 
42 12 2953 #e0eeac 
42 13 2954 #e0eeac 
42 14 2955 #e0eeac 
42 15 2956 #e0eeac 
42 16 2957 #e0eeac 
42 17 2958 #e0eeac 
42 18 2959 #e0eeac 
42 19 2960 #e0eeac 
42 20 2961 #e0eeac 
42 21 2962 #269c27 
42 22 2963 #269c27 
42 23 2964 #269c27 
42 24 2965 #269c27 
42 25 2966 #269c27 
42 26 2967 #269c27 
42 27 2968 #269c27 
42 28 2969 #269c27 
42 29 2970 #5c710c 
42 30 2971 #5c710c 
42 31 2972 #5c710c 
42 32 2973 #f3dc74 
42 33 2974 #f3dc74 
42 34 2975 #f3dc74 
42 35 2976 #f3dc74 
42 36 2977 #f3dc74 
42 37 2978 #f3dc74 
42 38 2979 #f3dc74 
42 39 2980 #f3dc74 
42 40 2981 #f3dc74 
42 41 2982 #f3dc74 
42 42 2983 #efa684 
42 43 2984 #efa684 
42 44 2985 #efa684 
42 45 2986 #fde941 
42 46 2987 #fde941 
42 47 2988 #fde941 
42 48 2989 #fde941 
42 49 2990 #fde941 
42 50 2991 #fde941 
42 51 2992 #fde941 
42 52 2993 #fde941 
42 53 2994 #fde941 
42 54 2995 #fde941 
42 55 2996 #fde941 
42 56 2997 #fde941 
42 57 2998 #fde941 
42 58 2999 #fde941 
42 59 3000 #fde941 
42 60 3001 #fde941 
42 61 3002 #fde941 
42 62 3003 #fde941 
42 63 3004 #7a9afe 
42 64 3005 #7a9afe 
42 65 3006 #7a9afe 
42 66 3007 #7a9afe 
42 67 3008 #7a9afe 
42 68 3009 #7a9afe 
42 69 3010 #7a9afe 
43 0 3011 #7bc4c1 
43 1 3012 #7bc4c1 
43 2 3013 #7bc4c1 
43 3 3014 #7bc4c1 
43 4 3015 #7bc4c1 
43 5 3016 #7bc4c1 
43 6 3017 #7bc4c1 
43 7 3018 #7bc4c1 
43 8 3019 #7bc4c1 
43 9 3020 #7bc4c1 
43 10 3021 #7bc4c1 
43 11 3022 #e0eeac 
43 12 3023 #e0eeac 
43 13 3024 #e0eeac 
43 14 3025 #e0eeac 
43 15 3026 #e0eeac 
43 16 3027 #e0eeac 
43 17 3028 #e0eeac 
43 18 3029 #e0eeac 
43 19 3030 #e0eeac 
43 20 3031 #e0eeac 
43 21 3032 #269c27 
43 22 3033 #269c27 
43 23 3034 #269c27 
43 24 3035 #269c27 
43 25 3036 #269c27 
43 26 3037 #269c27 
43 27 3038 #269c27 
43 28 3039 #269c27 
43 29 3040 #5c710c 
43 30 3041 #5c710c 
43 31 3042 #f3dc74 
43 32 3043 #f3dc74 
43 33 3044 #f3dc74 
43 34 3045 #f3dc74 
43 35 3046 #f3dc74 
43 36 3047 #f3dc74 
43 37 3048 #f3dc74 
43 38 3049 #f3dc74 
43 39 3050 #f3dc74 
43 40 3051 #f3dc74 
43 41 3052 #f3dc74 
43 42 3053 #f3dc74 
43 43 3054 #efa684 
43 44 3055 #fde941 
43 45 3056 #fde941 
43 46 3057 #fde941 
43 47 3058 #fde941 
43 48 3059 #fde941 
43 49 3060 #fde941 
43 50 3061 #fde941 
43 51 3062 #fde941 
43 52 3063 #fde941 
43 53 3064 #fde941 
43 54 3065 #fde941 
43 55 3066 #fde941 
43 56 3067 #fde941 
43 57 3068 #fde941 
43 58 3069 #fde941 
43 59 3070 #fde941 
43 60 3071 #fde941 
43 61 3072 #fde941 
43 62 3073 #fde941 
43 63 3074 #fde941 
43 64 3075 #7a9afe 
43 65 3076 #7a9afe 
43 66 3077 #7a9afe 
43 67 3078 #7a9afe 
43 68 3079 #7a9afe 
43 69 3080 #7a9afe 
44 0 3081 #7bc4c1 
44 1 3082 #7bc4c1 
44 2 3083 #7bc4c1 
44 3 3084 #7bc4c1 
44 4 3085 #7bc4c1 
44 5 3086 #7bc4c1 
44 6 3087 #7bc4c1 
44 7 3088 #7bc4c1 
44 8 3089 #7bc4c1 
44 9 3090 #7bc4c1 
44 10 3091 #7bc4c1 
44 11 3092 #e0eeac 
44 12 3093 #e0eeac 
44 13 3094 #e0eeac 
44 14 3095 #e0eeac 
44 15 3096 #e0eeac 
44 16 3097 #e0eeac 
44 17 3098 #e0eeac 
44 18 3099 #e0eeac 
44 19 3100 #e0eeac 
44 20 3101 #e0eeac 
44 21 3102 #269c27 
44 22 3103 #269c27 
44 23 3104 #269c27 
44 24 3105 #269c27 
44 25 3106 #269c27 
44 26 3107 #269c27 
44 27 3108 #269c27 
44 28 3109 #269c27 
44 29 3110 #269c27 
44 30 3111 #f3dc74 
44 31 3112 #f3dc74 
44 32 3113 #f3dc74 
44 33 3114 #f3dc74 
44 34 3115 #f3dc74 
44 35 3116 #f3dc74 
44 36 3117 #f3dc74 
44 37 3118 #f3dc74 
44 38 3119 #f3dc74 
44 39 3120 #f3dc74 
44 40 3121 #f3dc74 
44 41 3122 #f3dc74 
44 42 3123 #f3dc74 
44 43 3124 #f3dc74 
44 44 3125 #fde941 
44 45 3126 #fde941 
44 46 3127 #fde941 
44 47 3128 #fde941 
44 48 3129 #fde941 
44 49 3130 #fde941 
44 50 3131 #fde941 
44 51 3132 #fde941 
44 52 3133 #fde941 
44 53 3134 #fde941 
44 54 3135 #fde941 
44 55 3136 #fde941 
44 56 3137 #fde941 
44 57 3138 #fde941 
44 58 3139 #fde941 
44 59 3140 #fde941 
44 60 3141 #fde941 
44 61 3142 #fde941 
44 62 3143 #fde941 
44 63 3144 #fde941 
44 64 3145 #fde941 
44 65 3146 #7a9afe 
44 66 3147 #7a9afe 
44 67 3148 #7a9afe 
44 68 3149 #7a9afe 
44 69 3150 #7a9afe 
45 0 3151 #7bc4c1 
45 1 3152 #7bc4c1 
45 2 3153 #7bc4c1 
45 3 3154 #7bc4c1 
45 4 3155 #7bc4c1 
45 5 3156 #7bc4c1 
45 6 3157 #7bc4c1 
45 7 3158 #7bc4c1 
45 8 3159 #7bc4c1 
45 9 3160 #7bc4c1 
45 10 3161 #7bc4c1 
45 11 3162 #e0eeac 
45 12 3163 #e0eeac 
45 13 3164 #e0eeac 
45 14 3165 #e0eeac 
45 15 3166 #e0eeac 
45 16 3167 #e0eeac 
45 17 3168 #e0eeac 
45 18 3169 #e0eeac 
45 19 3170 #e0eeac 
45 20 3171 #269c27 
45 21 3172 #269c27 
45 22 3173 #269c27 
45 23 3174 #269c27 
45 24 3175 #269c27 
45 25 3176 #269c27 
45 26 3177 #269c27 
45 27 3178 #269c27 
45 28 3179 #269c27 
45 29 3180 #269c27 
45 30 3181 #f3dc74 
45 31 3182 #f3dc74 
45 32 3183 #f3dc74 
45 33 3184 #f3dc74 
45 34 3185 #f3dc74 
45 35 3186 #f3dc74 
45 36 3187 #f3dc74 
45 37 3188 #f3dc74 
45 38 3189 #f3dc74 
45 39 3190 #f3dc74 
45 40 3191 #f3dc74 
45 41 3192 #f3dc74 
45 42 3193 #f3dc74 
45 43 3194 #f3dc74 
45 44 3195 #fde941 
45 45 3196 #fde941 
45 46 3197 #fde941 
45 47 3198 #fde941 
45 48 3199 #fde941 
45 49 3200 #fde941 
45 50 3201 #fde941 
45 51 3202 #fde941 
45 52 3203 #fde941 
45 53 3204 #fde941 
45 54 3205 #fde941 
45 55 3206 #fde941 
45 56 3207 #fde941 
45 57 3208 #fde941 
45 58 3209 #fde941 
45 59 3210 #fde941 
45 60 3211 #fde941 
45 61 3212 #fde941 
45 62 3213 #fde941 
45 63 3214 #fde941 
45 64 3215 #fde941 
45 65 3216 #fde941 
45 66 3217 #7a9afe 
45 67 3218 #7a9afe 
45 68 3219 #7a9afe 
45 69 3220 #7a9afe 
46 0 3221 #7bc4c1 
46 1 3222 #7bc4c1 
46 2 3223 #7bc4c1 
46 3 3224 #7bc4c1 
46 4 3225 #7bc4c1 
46 5 3226 #7bc4c1 
46 6 3227 #7bc4c1 
46 7 3228 #7bc4c1 
46 8 3229 #7bc4c1 
46 9 3230 #7bc4c1 
46 10 3231 #7bc4c1 
46 11 3232 #e0eeac 
46 12 3233 #e0eeac 
46 13 3234 #e0eeac 
46 14 3235 #e0eeac 
46 15 3236 #e0eeac 
46 16 3237 #e0eeac 
46 17 3238 #e0eeac 
46 18 3239 #e0eeac 
46 19 3240 #269c27 
46 20 3241 #269c27 
46 21 3242 #269c27 
46 22 3243 #269c27 
46 23 3244 #269c27 
46 24 3245 #269c27 
46 25 3246 #269c27 
46 26 3247 #269c27 
46 27 3248 #269c27 
46 28 3249 #269c27 
46 29 3250 #269c27 
46 30 3251 #269c27 
46 31 3252 #f3dc74 
46 32 3253 #f3dc74 
46 33 3254 #f3dc74 
46 34 3255 #f3dc74 
46 35 3256 #f3dc74 
46 36 3257 #f3dc74 
46 37 3258 #f3dc74 
46 38 3259 #f3dc74 
46 39 3260 #f3dc74 
46 40 3261 #f3dc74 
46 41 3262 #f3dc74 
46 42 3263 #f3dc74 
46 43 3264 #f3dc74 
46 44 3265 #fde941 
46 45 3266 #fde941 
46 46 3267 #fde941 
46 47 3268 #fde941 
46 48 3269 #fde941 
46 49 3270 #fde941 
46 50 3271 #fde941 
46 51 3272 #fde941 
46 52 3273 #fde941 
46 53 3274 #fde941 
46 54 3275 #fde941 
46 55 3276 #fde941 
46 56 3277 #fde941 
46 57 3278 #fde941 
46 58 3279 #fde941 
46 59 3280 #fde941 
46 60 3281 #fde941 
46 61 3282 #fde941 
46 62 3283 #fde941 
46 63 3284 #fde941 
46 64 3285 #fde941 
46 65 3286 #fde941 
46 66 3287 #fde941 
46 67 3288 #7a9afe 
46 68 3289 #7a9afe 
46 69 3290 #7a9afe 
47 0 3291 #7bc4c1 
47 1 3292 #7bc4c1 
47 2 3293 #7bc4c1 
47 3 3294 #7bc4c1 
47 4 3295 #7bc4c1 
47 5 3296 #7bc4c1 
47 6 3297 #7bc4c1 
47 7 3298 #7bc4c1 
47 8 3299 #7bc4c1 
47 9 3300 #7bc4c1 
47 10 3301 #7bc4c1 
47 11 3302 #7bc4c1 
47 12 3303 #9508c0 
47 13 3304 #9508c0 
47 14 3305 #9508c0 
47 15 3306 #9508c0 
47 16 3307 #9508c0 
47 17 3308 #9508c0 
47 18 3309 #9508c0 
47 19 3310 #9508c0 
47 20 3311 #9508c0 
47 21 3312 #9508c0 
47 22 3313 #9508c0 
47 23 3314 #9508c0 
47 24 3315 #269c27 
47 25 3316 #269c27 
47 26 3317 #269c27 
47 27 3318 #269c27 
47 28 3319 #269c27 
47 29 3320 #269c27 
47 30 3321 #269c27 
47 31 3322 #269c27 
47 32 3323 #f3dc74 
47 33 3324 #f3dc74 
47 34 3325 #f3dc74 
47 35 3326 #f3dc74 
47 36 3327 #f3dc74 
47 37 3328 #f3dc74 
47 38 3329 #f3dc74 
47 39 3330 #f3dc74 
47 40 3331 #f3dc74 
47 41 3332 #f3dc74 
47 42 3333 #f3dc74 
47 43 3334 #f3dc74 
47 44 3335 #fde941 
47 45 3336 #fde941 
47 46 3337 #fde941 
47 47 3338 #fde941 
47 48 3339 #fde941 
47 49 3340 #fde941 
47 50 3341 #fde941 
47 51 3342 #fde941 
47 52 3343 #fde941 
47 53 3344 #fde941 
47 54 3345 #fde941 
47 55 3346 #fde941 
47 56 3347 #fde941 
47 57 3348 #fde941 
47 58 3349 #fde941 
47 59 3350 #fde941 
47 60 3351 #fde941 
47 61 3352 #fde941 
47 62 3353 #fde941 
47 63 3354 #fde941 
47 64 3355 #fde941 
47 65 3356 #fde941 
47 66 3357 #fde941 
47 67 3358 #cee2b7 
47 68 3359 #cee2b7 
47 69 3360 #cee2b7 
48 0 3361 #7bc4c1 
48 1 3362 #7bc4c1 
48 2 3363 #7bc4c1 
48 3 3364 #7bc4c1 
48 4 3365 #7bc4c1 
48 5 3366 #7bc4c1 
48 6 3367 #7bc4c1 
48 7 3368 #7bc4c1 
48 8 3369 #7bc4c1 
48 9 3370 #7bc4c1 
48 10 3371 #7bc4c1 
48 11 3372 #9508c0 
48 12 3373 #9508c0 
48 13 3374 #9508c0 
48 14 3375 #9508c0 
48 15 3376 #9508c0 
48 16 3377 #9508c0 
48 17 3378 #9508c0 
48 18 3379 #9508c0 
48 19 3380 #9508c0 
48 20 3381 #9508c0 
48 21 3382 #9508c0 
48 22 3383 #9508c0 
48 23 3384 #9508c0 
48 24 3385 #9508c0 
48 25 3386 #269c27 
48 26 3387 #269c27 
48 27 3388 #269c27 
48 28 3389 #269c27 
48 29 3390 #269c27 
48 30 3391 #269c27 
48 31 3392 #269c27 
48 32 3393 #269c27 
48 33 3394 #f3dc74 
48 34 3395 #f3dc74 
48 35 3396 #f3dc74 
48 36 3397 #f3dc74 
48 37 3398 #f3dc74 
48 38 3399 #f3dc74 
48 39 3400 #f3dc74 
48 40 3401 #f3dc74 
48 41 3402 #f3dc74 
48 42 3403 #f3dc74 
48 43 3404 #f3dc74 
48 44 3405 #fde941 
48 45 3406 #fde941 
48 46 3407 #fde941 
48 47 3408 #fde941 
48 48 3409 #fde941 
48 49 3410 #fde941 
48 50 3411 #fde941 
48 51 3412 #fde941 
48 52 3413 #fde941 
48 53 3414 #fde941 
48 54 3415 #fde941 
48 55 3416 #fde941 
48 56 3417 #fde941 
48 57 3418 #fde941 
48 58 3419 #fde941 
48 59 3420 #fde941 
48 60 3421 #fde941 
48 61 3422 #fde941 
48 62 3423 #fde941 
48 63 3424 #fde941 
48 64 3425 #fde941 
48 65 3426 #fde941 
48 66 3427 #cee2b7 
48 67 3428 #cee2b7 
48 68 3429 #cee2b7 
48 69 3430 #cee2b7 
49 0 3431 #7bc4c1 
49 1 3432 #7bc4c1 
49 2 3433 #7bc4c1 
49 3 3434 #7bc4c1 
49 4 3435 #7bc4c1 
49 5 3436 #7bc4c1 
49 6 3437 #7bc4c1 
49 7 3438 #7bc4c1 
49 8 3439 #7bc4c1 
49 9 3440 #7bc4c1 
49 10 3441 #9508c0 
49 11 3442 #9508c0 
49 12 3443 #9508c0 
49 13 3444 #9508c0 
49 14 3445 #9508c0 
49 15 3446 #9508c0 
49 16 3447 #9508c0 
49 17 3448 #9508c0 
49 18 3449 #9508c0 
49 19 3450 #9508c0 
49 20 3451 #9508c0 
49 21 3452 #9508c0 
49 22 3453 #9508c0 
49 23 3454 #9508c0 
49 24 3455 #9508c0 
49 25 3456 #9508c0 
49 26 3457 #269c27 
49 27 3458 #269c27 
49 28 3459 #269c27 
49 29 3460 #269c27 
49 30 3461 #269c27 
49 31 3462 #269c27 
49 32 3463 #269c27 
49 33 3464 #269c27 
49 34 3465 #f3dc74 
49 35 3466 #f3dc74 
49 36 3467 #f3dc74 
49 37 3468 #f3dc74 
49 38 3469 #f3dc74 
49 39 3470 #f3dc74 
49 40 3471 #f3dc74 
49 41 3472 #f3dc74 
49 42 3473 #f3dc74 
49 43 3474 #f3dc74 
49 44 3475 #fde941 
49 45 3476 #fde941 
49 46 3477 #fde941 
49 47 3478 #fde941 
49 48 3479 #fde941 
49 49 3480 #fde941 
49 50 3481 #fde941 
49 51 3482 #fde941 
49 52 3483 #fde941 
49 53 3484 #fde941 
49 54 3485 #fde941 
49 55 3486 #fde941 
49 56 3487 #fde941 
49 57 3488 #fde941 
49 58 3489 #fde941 
49 59 3490 #fde941 
49 60 3491 #fde941 
49 61 3492 #fde941 
49 62 3493 #fde941 
49 63 3494 #fde941 
49 64 3495 #fde941 
49 65 3496 #cee2b7 
49 66 3497 #cee2b7 
49 67 3498 #cee2b7 
49 68 3499 #cee2b7 
49 69 3500 #cee2b7 
50 0 3501 #7bc4c1 
50 1 3502 #7bc4c1 
50 2 3503 #7bc4c1 
50 3 3504 #7bc4c1 
50 4 3505 #7bc4c1 
50 5 3506 #7bc4c1 
50 6 3507 #7bc4c1 
50 7 3508 #7bc4c1 
50 8 3509 #7bc4c1 
50 9 3510 #9508c0 
50 10 3511 #9508c0 
50 11 3512 #9508c0 
50 12 3513 #9508c0 
50 13 3514 #9508c0 
50 14 3515 #9508c0 
50 15 3516 #9508c0 
50 16 3517 #9508c0 
50 17 3518 #9508c0 
50 18 3519 #9508c0 
50 19 3520 #9508c0 
50 20 3521 #9508c0 
50 21 3522 #9508c0 
50 22 3523 #9508c0 
50 23 3524 #9508c0 
50 24 3525 #9508c0 
50 25 3526 #9508c0 
50 26 3527 #9508c0 
50 27 3528 #269c27 
50 28 3529 #269c27 
50 29 3530 #269c27 
50 30 3531 #269c27 
50 31 3532 #269c27 
50 32 3533 #269c27 
50 33 3534 #269c27 
50 34 3535 #269c27 
50 35 3536 #f3dc74 
50 36 3537 #f3dc74 
50 37 3538 #fb3d61 
50 38 3539 #fb3d61 
50 39 3540 #fb3d61 
50 40 3541 #fb3d61 
50 41 3542 #fb3d61 
50 42 3543 #fb3d61 
50 43 3544 #fb3d61 
50 44 3545 #fde941 
50 45 3546 #fde941 
50 46 3547 #fde941 
50 47 3548 #fde941 
50 48 3549 #fde941 
50 49 3550 #fde941 
50 50 3551 #fde941 
50 51 3552 #fde941 
50 52 3553 #fde941 
50 53 3554 #fde941 
50 54 3555 #fde941 
50 55 3556 #fde941 
50 56 3557 #fde941 
50 57 3558 #fde941 
50 58 3559 #fde941 
50 59 3560 #fde941 
50 60 3561 #fde941 
50 61 3562 #fde941 
50 62 3563 #fde941 
50 63 3564 #fde941 
50 64 3565 #cee2b7 
50 65 3566 #cee2b7 
50 66 3567 #cee2b7 
50 67 3568 #cee2b7 
50 68 3569 #cee2b7 
50 69 3570 #cee2b7 
51 0 3571 #7bc4c1 
51 1 3572 #7bc4c1 
51 2 3573 #7bc4c1 
51 3 3574 #7bc4c1 
51 4 3575 #7bc4c1 
51 5 3576 #7bc4c1 
51 6 3577 #7bc4c1 
51 7 3578 #7bc4c1 
51 8 3579 #9508c0 
51 9 3580 #9508c0 
51 10 3581 #9508c0 
51 11 3582 #9508c0 
51 12 3583 #9508c0 
51 13 3584 #9508c0 
51 14 3585 #9508c0 
51 15 3586 #9508c0 
51 16 3587 #9508c0 
51 17 3588 #9508c0 
51 18 3589 #9508c0 
51 19 3590 #9508c0 
51 20 3591 #9508c0 
51 21 3592 #9508c0 
51 22 3593 #9508c0 
51 23 3594 #9508c0 
51 24 3595 #9508c0 
51 25 3596 #9508c0 
51 26 3597 #9508c0 
51 27 3598 #9508c0 
51 28 3599 #269c27 
51 29 3600 #269c27 
51 30 3601 #269c27 
51 31 3602 #269c27 
51 32 3603 #269c27 
51 33 3604 #269c27 
51 34 3605 #269c27 
51 35 3606 #269c27 
51 36 3607 #fb3d61 
51 37 3608 #fb3d61 
51 38 3609 #fb3d61 
51 39 3610 #fb3d61 
51 40 3611 #fb3d61 
51 41 3612 #fb3d61 
51 42 3613 #fb3d61 
51 43 3614 #fb3d61 
51 44 3615 #fb3d61 
51 45 3616 #fb3d61 
51 46 3617 #fb3d61 
51 47 3618 #fb3d61 
51 48 3619 #fb3d61 
51 49 3620 #fb3d61 
51 50 3621 #fb3d61 
51 51 3622 #fb3d61 
51 52 3623 #fb3d61 
51 53 3624 #fb3d61 
51 54 3625 #fde941 
51 55 3626 #fde941 
51 56 3627 #fde941 
51 57 3628 #fde941 
51 58 3629 #fde941 
51 59 3630 #fde941 
51 60 3631 #fde941 
51 61 3632 #fde941 
51 62 3633 #fde941 
51 63 3634 #cee2b7 
51 64 3635 #cee2b7 
51 65 3636 #cee2b7 
51 66 3637 #cee2b7 
51 67 3638 #cee2b7 
51 68 3639 #cee2b7 
51 69 3640 #cee2b7 
52 0 3641 #7bc4c1 
52 1 3642 #7bc4c1 
52 2 3643 #7bc4c1 
52 3 3644 #7bc4c1 
52 4 3645 #7bc4c1 
52 5 3646 #7bc4c1 
52 6 3647 #7bc4c1 
52 7 3648 #9508c0 
52 8 3649 #9508c0 
52 9 3650 #9508c0 
52 10 3651 #9508c0 
52 11 3652 #9508c0 
52 12 3653 #9508c0 
52 13 3654 #9508c0 
52 14 3655 #9508c0 
52 15 3656 #9508c0 
52 16 3657 #9508c0 
52 17 3658 #9508c0 
52 18 3659 #9508c0 
52 19 3660 #9508c0 
52 20 3661 #9508c0 
52 21 3662 #9508c0 
52 22 3663 #9508c0 
52 23 3664 #9508c0 
52 24 3665 #9508c0 
52 25 3666 #9508c0 
52 26 3667 #9508c0 
52 27 3668 #9508c0 
52 28 3669 #9508c0 
52 29 3670 #269c27 
52 30 3671 #269c27 
52 31 3672 #269c27 
52 32 3673 #269c27 
52 33 3674 #269c27 
52 34 3675 #269c27 
52 35 3676 #3d85b8 
52 36 3677 #fb3d61 
52 37 3678 #fb3d61 
52 38 3679 #fb3d61 
52 39 3680 #fb3d61 
52 40 3681 #fb3d61 
52 41 3682 #fb3d61 
52 42 3683 #fb3d61 
52 43 3684 #fb3d61 
52 44 3685 #fb3d61 
52 45 3686 #fb3d61 
52 46 3687 #fb3d61 
52 47 3688 #fb3d61 
52 48 3689 #fb3d61 
52 49 3690 #fb3d61 
52 50 3691 #fb3d61 
52 51 3692 #fb3d61 
52 52 3693 #fb3d61 
52 53 3694 #fb3d61 
52 54 3695 #fb3d61 
52 55 3696 #fde941 
52 56 3697 #fde941 
52 57 3698 #fde941 
52 58 3699 #fde941 
52 59 3700 #fde941 
52 60 3701 #fde941 
52 61 3702 #fde941 
52 62 3703 #cee2b7 
52 63 3704 #cee2b7 
52 64 3705 #cee2b7 
52 65 3706 #cee2b7 
52 66 3707 #cee2b7 
52 67 3708 #cee2b7 
52 68 3709 #cee2b7 
52 69 3710 #cee2b7 
53 0 3711 #7bc4c1 
53 1 3712 #7bc4c1 
53 2 3713 #7bc4c1 
53 3 3714 #7bc4c1 
53 4 3715 #7bc4c1 
53 5 3716 #7bc4c1 
53 6 3717 #9508c0 
53 7 3718 #9508c0 
53 8 3719 #9508c0 
53 9 3720 #9508c0 
53 10 3721 #9508c0 
53 11 3722 #9508c0 
53 12 3723 #9508c0 
53 13 3724 #9508c0 
53 14 3725 #9508c0 
53 15 3726 #9508c0 
53 16 3727 #9508c0 
53 17 3728 #9508c0 
53 18 3729 #9508c0 
53 19 3730 #9508c0 
53 20 3731 #9508c0 
53 21 3732 #9508c0 
53 22 3733 #9508c0 
53 23 3734 #9508c0 
53 24 3735 #9508c0 
53 25 3736 #9508c0 
53 26 3737 #9508c0 
53 27 3738 #9508c0 
53 28 3739 #9508c0 
53 29 3740 #0f8fb8 
53 30 3741 #0f8fb8 
53 31 3742 #0f8fb8 
53 32 3743 #0f8fb8 
53 33 3744 #0f8fb8 
53 34 3745 #0f8fb8 
53 35 3746 #3d85b8 
53 36 3747 #3d85b8 
53 37 3748 #fb3d61 
53 38 3749 #fb3d61 
53 39 3750 #fb3d61 
53 40 3751 #fb3d61 
53 41 3752 #fb3d61 
53 42 3753 #fb3d61 
53 43 3754 #fb3d61 
53 44 3755 #fb3d61 
53 45 3756 #fb3d61 
53 46 3757 #fb3d61 
53 47 3758 #fb3d61 
53 48 3759 #fb3d61 
53 49 3760 #fb3d61 
53 50 3761 #fb3d61 
53 51 3762 #fb3d61 
53 52 3763 #fb3d61 
53 53 3764 #fb3d61 
53 54 3765 #fb3d61 
53 55 3766 #cee2b7 
53 56 3767 #cee2b7 
53 57 3768 #cee2b7 
53 58 3769 #cee2b7 
53 59 3770 #cee2b7 
53 60 3771 #cee2b7 
53 61 3772 #cee2b7 
53 62 3773 #cee2b7 
53 63 3774 #cee2b7 
53 64 3775 #cee2b7 
53 65 3776 #cee2b7 
53 66 3777 #cee2b7 
53 67 3778 #cee2b7 
53 68 3779 #cee2b7 
53 69 3780 #cee2b7 
54 0 3781 #cf23d4 
54 1 3782 #cf23d4 
54 2 3783 #cf23d4 
54 3 3784 #cf23d4 
54 4 3785 #cf23d4 
54 5 3786 #cf23d4 
54 6 3787 #9508c0 
54 7 3788 #9508c0 
54 8 3789 #9508c0 
54 9 3790 #9508c0 
54 10 3791 #9508c0 
54 11 3792 #9508c0 
54 12 3793 #9508c0 
54 13 3794 #9508c0 
54 14 3795 #9508c0 
54 15 3796 #9508c0 
54 16 3797 #9508c0 
54 17 3798 #9508c0 
54 18 3799 #9508c0 
54 19 3800 #9508c0 
54 20 3801 #9508c0 
54 21 3802 #9508c0 
54 22 3803 #9508c0 
54 23 3804 #9508c0 
54 24 3805 #9508c0 
54 25 3806 #9508c0 
54 26 3807 #9508c0 
54 27 3808 #9508c0 
54 28 3809 #0f8fb8 
54 29 3810 #0f8fb8 
54 30 3811 #0f8fb8 
54 31 3812 #0f8fb8 
54 32 3813 #0f8fb8 
54 33 3814 #0f8fb8 
54 34 3815 #0f8fb8 
54 35 3816 #0f8fb8 
54 36 3817 #3d85b8 
54 37 3818 #3d85b8 
54 38 3819 #fb3d61 
54 39 3820 #fb3d61 
54 40 3821 #fb3d61 
54 41 3822 #fb3d61 
54 42 3823 #fb3d61 
54 43 3824 #fb3d61 
54 44 3825 #fb3d61 
54 45 3826 #fb3d61 
54 46 3827 #fb3d61 
54 47 3828 #fb3d61 
54 48 3829 #fb3d61 
54 49 3830 #fb3d61 
54 50 3831 #fb3d61 
54 51 3832 #fb3d61 
54 52 3833 #fb3d61 
54 53 3834 #fb3d61 
54 54 3835 #cee2b7 
54 55 3836 #cee2b7 
54 56 3837 #cee2b7 
54 57 3838 #cee2b7 
54 58 3839 #cee2b7 
54 59 3840 #cee2b7 
54 60 3841 #cee2b7 
54 61 3842 #cee2b7 
54 62 3843 #cee2b7 
54 63 3844 #cee2b7 
54 64 3845 #cee2b7 
54 65 3846 #cee2b7 
54 66 3847 #cee2b7 
54 67 3848 #cee2b7 
54 68 3849 #cee2b7 
54 69 3850 #cee2b7 
55 0 3851 #cf23d4 
55 1 3852 #cf23d4 
55 2 3853 #cf23d4 
55 3 3854 #cf23d4 
55 4 3855 #cf23d4 
55 5 3856 #cf23d4 
55 6 3857 #cf23d4 
55 7 3858 #9508c0 
55 8 3859 #9508c0 
55 9 3860 #9508c0 
55 10 3861 #9508c0 
55 11 3862 #9508c0 
55 12 3863 #9508c0 
55 13 3864 #9508c0 
55 14 3865 #9508c0 
55 15 3866 #9508c0 
55 16 3867 #9508c0 
55 17 3868 #9508c0 
55 18 3869 #9508c0 
55 19 3870 #9508c0 
55 20 3871 #9508c0 
55 21 3872 #9508c0 
55 22 3873 #9508c0 
55 23 3874 #9508c0 
55 24 3875 #9508c0 
55 25 3876 #9508c0 
55 26 3877 #9508c0 
55 27 3878 #0f8fb8 
55 28 3879 #0f8fb8 
55 29 3880 #0f8fb8 
55 30 3881 #0f8fb8 
55 31 3882 #0f8fb8 
55 32 3883 #0f8fb8 
55 33 3884 #0f8fb8 
55 34 3885 #0f8fb8 
55 35 3886 #0f8fb8 
55 36 3887 #0f8fb8 
55 37 3888 #3d85b8 
55 38 3889 #3d85b8 
55 39 3890 #fb3d61 
55 40 3891 #fb3d61 
55 41 3892 #fb3d61 
55 42 3893 #fb3d61 
55 43 3894 #fb3d61 
55 44 3895 #fb3d61 
55 45 3896 #fb3d61 
55 46 3897 #fb3d61 
55 47 3898 #fb3d61 
55 48 3899 #fb3d61 
55 49 3900 #fb3d61 
55 50 3901 #fb3d61 
55 51 3902 #fb3d61 
55 52 3903 #fb3d61 
55 53 3904 #cee2b7 
55 54 3905 #cee2b7 
55 55 3906 #cee2b7 
55 56 3907 #cee2b7 
55 57 3908 #cee2b7 
55 58 3909 #cee2b7 
55 59 3910 #cee2b7 
55 60 3911 #cee2b7 
55 61 3912 #cee2b7 
55 62 3913 #cee2b7 
55 63 3914 #cee2b7 
55 64 3915 #cee2b7 
55 65 3916 #cee2b7 
55 66 3917 #cee2b7 
55 67 3918 #cee2b7 
55 68 3919 #cee2b7 
55 69 3920 #cee2b7 
56 0 3921 #cf23d4 
56 1 3922 #cf23d4 
56 2 3923 #cf23d4 
56 3 3924 #cf23d4 
56 4 3925 #cf23d4 
56 5 3926 #cf23d4 
56 6 3927 #cf23d4 
56 7 3928 #cf23d4 
56 8 3929 #9508c0 
56 9 3930 #9508c0 
56 10 3931 #9508c0 
56 11 3932 #9508c0 
56 12 3933 #9508c0 
56 13 3934 #9508c0 
56 14 3935 #9508c0 
56 15 3936 #9508c0 
56 16 3937 #9508c0 
56 17 3938 #9508c0 
56 18 3939 #9508c0 
56 19 3940 #9508c0 
56 20 3941 #9508c0 
56 21 3942 #9508c0 
56 22 3943 #9508c0 
56 23 3944 #9508c0 
56 24 3945 #9508c0 
56 25 3946 #9508c0 
56 26 3947 #0f8fb8 
56 27 3948 #0f8fb8 
56 28 3949 #0f8fb8 
56 29 3950 #0f8fb8 
56 30 3951 #0f8fb8 
56 31 3952 #0f8fb8 
56 32 3953 #0f8fb8 
56 33 3954 #0f8fb8 
56 34 3955 #0f8fb8 
56 35 3956 #0f8fb8 
56 36 3957 #0f8fb8 
56 37 3958 #0f8fb8 
56 38 3959 #3d85b8 
56 39 3960 #3d85b8 
56 40 3961 #fb3d61 
56 41 3962 #fb3d61 
56 42 3963 #fb3d61 
56 43 3964 #fb3d61 
56 44 3965 #fb3d61 
56 45 3966 #fb3d61 
56 46 3967 #fb3d61 
56 47 3968 #fb3d61 
56 48 3969 #fb3d61 
56 49 3970 #fb3d61 
56 50 3971 #fb3d61 
56 51 3972 #fb3d61 
56 52 3973 #cee2b7 
56 53 3974 #cee2b7 
56 54 3975 #cee2b7 
56 55 3976 #cee2b7 
56 56 3977 #cee2b7 
56 57 3978 #cee2b7 
56 58 3979 #cee2b7 
56 59 3980 #cee2b7 
56 60 3981 #cee2b7 
56 61 3982 #cee2b7 
56 62 3983 #cee2b7 
56 63 3984 #cee2b7 
56 64 3985 #cee2b7 
56 65 3986 #cee2b7 
56 66 3987 #cee2b7 
56 67 3988 #cee2b7 
56 68 3989 #cee2b7 
56 69 3990 #cee2b7 
57 0 3991 #cf23d4 
57 1 3992 #cf23d4 
57 2 3993 #cf23d4 
57 3 3994 #cf23d4 
57 4 3995 #cf23d4 
57 5 3996 #cf23d4 
57 6 3997 #cf23d4 
57 7 3998 #cf23d4 
57 8 3999 #cf23d4 
57 9 4000 #9508c0 
57 10 4001 #9508c0 
57 11 4002 #9508c0 
57 12 4003 #9508c0 
57 13 4004 #9508c0 
57 14 4005 #9508c0 
57 15 4006 #9508c0 
57 16 4007 #9508c0 
57 17 4008 #9508c0 
57 18 4009 #9508c0 
57 19 4010 #9508c0 
57 20 4011 #9508c0 
57 21 4012 #9508c0 
57 22 4013 #9508c0 
57 23 4014 #9508c0 
57 24 4015 #9508c0 
57 25 4016 #9508c0 
57 26 4017 #0f8fb8 
57 27 4018 #0f8fb8 
57 28 4019 #0f8fb8 
57 29 4020 #0f8fb8 
57 30 4021 #0f8fb8 
57 31 4022 #0f8fb8 
57 32 4023 #0f8fb8 
57 33 4024 #0f8fb8 
57 34 4025 #0f8fb8 
57 35 4026 #0f8fb8 
57 36 4027 #0f8fb8 
57 37 4028 #0f8fb8 
57 38 4029 #0f8fb8 
57 39 4030 #3d85b8 
57 40 4031 #3d85b8 
57 41 4032 #fb3d61 
57 42 4033 #fb3d61 
57 43 4034 #fb3d61 
57 44 4035 #fb3d61 
57 45 4036 #fb3d61 
57 46 4037 #fb3d61 
57 47 4038 #fb3d61 
57 48 4039 #fb3d61 
57 49 4040 #fb3d61 
57 50 4041 #fb3d61 
57 51 4042 #cee2b7 
57 52 4043 #cee2b7 
57 53 4044 #cee2b7 
57 54 4045 #cee2b7 
57 55 4046 #cee2b7 
57 56 4047 #cee2b7 
57 57 4048 #cee2b7 
57 58 4049 #cee2b7 
57 59 4050 #cee2b7 
57 60 4051 #cee2b7 
57 61 4052 #cee2b7 
57 62 4053 #cee2b7 
57 63 4054 #cee2b7 
57 64 4055 #cee2b7 
57 65 4056 #cee2b7 
57 66 4057 #cee2b7 
57 67 4058 #cee2b7 
57 68 4059 #cee2b7 
57 69 4060 #cee2b7 
58 0 4061 #cf23d4 
58 1 4062 #cf23d4 
58 2 4063 #cf23d4 
58 3 4064 #cf23d4 
58 4 4065 #cf23d4 
58 5 4066 #cf23d4 
58 6 4067 #cf23d4 
58 7 4068 #cf23d4 
58 8 4069 #cf23d4 
58 9 4070 #cf23d4 
58 10 4071 #9508c0 
58 11 4072 #9508c0 
58 12 4073 #9508c0 
58 13 4074 #9508c0 
58 14 4075 #9508c0 
58 15 4076 #9508c0 
58 16 4077 #9508c0 
58 17 4078 #9508c0 
58 18 4079 #9508c0 
58 19 4080 #9508c0 
58 20 4081 #9508c0 
58 21 4082 #9508c0 
58 22 4083 #9508c0 
58 23 4084 #9508c0 
58 24 4085 #9508c0 
58 25 4086 #9508c0 
58 26 4087 #0f8fb8 
58 27 4088 #0f8fb8 
58 28 4089 #0f8fb8 
58 29 4090 #0f8fb8 
58 30 4091 #0f8fb8 
58 31 4092 #0f8fb8 
58 32 4093 #0f8fb8 
58 33 4094 #0f8fb8 
58 34 4095 #0f8fb8 
58 35 4096 #0f8fb8 
58 36 4097 #0f8fb8 
58 37 4098 #0f8fb8 
58 38 4099 #0f8fb8 
58 39 4100 #3d85b8 
58 40 4101 #3d85b8 
58 41 4102 #3d85b8 
58 42 4103 #fb3d61 
58 43 4104 #fb3d61 
58 44 4105 #fb3d61 
58 45 4106 #fb3d61 
58 46 4107 #fb3d61 
58 47 4108 #fb3d61 
58 48 4109 #fb3d61 
58 49 4110 #fb3d61 
58 50 4111 #fb3d61 
58 51 4112 #cee2b7 
58 52 4113 #cee2b7 
58 53 4114 #cee2b7 
58 54 4115 #cee2b7 
58 55 4116 #cee2b7 
58 56 4117 #cee2b7 
58 57 4118 #cee2b7 
58 58 4119 #cee2b7 
58 59 4120 #cee2b7 
58 60 4121 #cee2b7 
58 61 4122 #cee2b7 
58 62 4123 #cee2b7 
58 63 4124 #cee2b7 
58 64 4125 #cee2b7 
58 65 4126 #cee2b7 
58 66 4127 #cee2b7 
58 67 4128 #cee2b7 
58 68 4129 #cee2b7 
58 69 4130 #cee2b7 
59 0 4131 #cf23d4 
59 1 4132 #cf23d4 
59 2 4133 #cf23d4 
59 3 4134 #cf23d4 
59 4 4135 #cf23d4 
59 5 4136 #cf23d4 
59 6 4137 #cf23d4 
59 7 4138 #cf23d4 
59 8 4139 #cf23d4 
59 9 4140 #cf23d4 
59 10 4141 #cf23d4 
59 11 4142 #9508c0 
59 12 4143 #9508c0 
59 13 4144 #9508c0 
59 14 4145 #9508c0 
59 15 4146 #9508c0 
59 16 4147 #9508c0 
59 17 4148 #9508c0 
59 18 4149 #9508c0 
59 19 4150 #9508c0 
59 20 4151 #9508c0 
59 21 4152 #9508c0 
59 22 4153 #9508c0 
59 23 4154 #9508c0 
59 24 4155 #9508c0 
59 25 4156 #9508c0 
59 26 4157 #0f8fb8 
59 27 4158 #0f8fb8 
59 28 4159 #0f8fb8 
59 29 4160 #0f8fb8 
59 30 4161 #0f8fb8 
59 31 4162 #0f8fb8 
59 32 4163 #0f8fb8 
59 33 4164 #0f8fb8 
59 34 4165 #0f8fb8 
59 35 4166 #0f8fb8 
59 36 4167 #0f8fb8 
59 37 4168 #0f8fb8 
59 38 4169 #8a197c 
59 39 4170 #8a197c 
59 40 4171 #3d85b8 
59 41 4172 #3d85b8 
59 42 4173 #3d85b8 
59 43 4174 #fb3d61 
59 44 4175 #fb3d61 
59 45 4176 #fb3d61 
59 46 4177 #fb3d61 
59 47 4178 #fb3d61 
59 48 4179 #fb3d61 
59 49 4180 #fb3d61 
59 50 4181 #fb3d61 
59 51 4182 #cee2b7 
59 52 4183 #cee2b7 
59 53 4184 #cee2b7 
59 54 4185 #cee2b7 
59 55 4186 #cee2b7 
59 56 4187 #cee2b7 
59 57 4188 #cee2b7 
59 58 4189 #cee2b7 
59 59 4190 #cee2b7 
59 60 4191 #cee2b7 
59 61 4192 #cee2b7 
59 62 4193 #cee2b7 
59 63 4194 #cee2b7 
59 64 4195 #cee2b7 
59 65 4196 #cee2b7 
59 66 4197 #cee2b7 
59 67 4198 #cee2b7 
59 68 4199 #cee2b7 
59 69 4200 #cee2b7 
60 0 4201 #cf23d4 
60 1 4202 #cf23d4 
60 2 4203 #cf23d4 
60 3 4204 #cf23d4 
60 4 4205 #cf23d4 
60 5 4206 #cf23d4 
60 6 4207 #cf23d4 
60 7 4208 #cf23d4 
60 8 4209 #cf23d4 
60 9 4210 #cf23d4 
60 10 4211 #cf23d4 
60 11 4212 #cf23d4 
60 12 4213 #cf23d4 
60 13 4214 #cf23d4 
60 14 4215 #cf23d4 
60 15 4216 #cf23d4 
60 16 4217 #9508c0 
60 17 4218 #9508c0 
60 18 4219 #9508c0 
60 19 4220 #9508c0 
60 20 4221 #9508c0 
60 21 4222 #9508c0 
60 22 4223 #9508c0 
60 23 4224 #9508c0 
60 24 4225 #9508c0 
60 25 4226 #0f8fb8 
60 26 4227 #0f8fb8 
60 27 4228 #0f8fb8 
60 28 4229 #0f8fb8 
60 29 4230 #0f8fb8 
60 30 4231 #0f8fb8 
60 31 4232 #0f8fb8 
60 32 4233 #0f8fb8 
60 33 4234 #0f8fb8 
60 34 4235 #0f8fb8 
60 35 4236 #0f8fb8 
60 36 4237 #0f8fb8 
60 37 4238 #8a197c 
60 38 4239 #8a197c 
60 39 4240 #8a197c 
60 40 4241 #3d85b8 
60 41 4242 #3d85b8 
60 42 4243 #3d85b8 
60 43 4244 #3d85b8 
60 44 4245 #fb3d61 
60 45 4246 #fb3d61 
60 46 4247 #fb3d61 
60 47 4248 #fb3d61 
60 48 4249 #fb3d61 
60 49 4250 #fb3d61 
60 50 4251 #fb3d61 
60 51 4252 #cee2b7 
60 52 4253 #cee2b7 
60 53 4254 #cee2b7 
60 54 4255 #cee2b7 
60 55 4256 #cee2b7 
60 56 4257 #cee2b7 
60 57 4258 #cee2b7 
60 58 4259 #cee2b7 
60 59 4260 #cee2b7 
60 60 4261 #cee2b7 
60 61 4262 #cee2b7 
60 62 4263 #cee2b7 
60 63 4264 #cee2b7 
60 64 4265 #cee2b7 
60 65 4266 #cee2b7 
60 66 4267 #cee2b7 
60 67 4268 #cee2b7 
60 68 4269 #cee2b7 
60 69 4270 #cee2b7 
61 0 4271 #cf23d4 
61 1 4272 #cf23d4 
61 2 4273 #cf23d4 
61 3 4274 #cf23d4 
61 4 4275 #cf23d4 
61 5 4276 #cf23d4 
61 6 4277 #cf23d4 
61 7 4278 #cf23d4 
61 8 4279 #cf23d4 
61 9 4280 #cf23d4 
61 10 4281 #cf23d4 
61 11 4282 #cf23d4 
61 12 4283 #cf23d4 
61 13 4284 #cf23d4 
61 14 4285 #cf23d4 
61 15 4286 #cf23d4 
61 16 4287 #137377 
61 17 4288 #137377 
61 18 4289 #137377 
61 19 4290 #137377 
61 20 4291 #137377 
61 21 4292 #137377 
61 22 4293 #137377 
61 23 4294 #137377 
61 24 4295 #137377 
61 25 4296 #0f8fb8 
61 26 4297 #0f8fb8 
61 27 4298 #0f8fb8 
61 28 4299 #0f8fb8 
61 29 4300 #0f8fb8 
61 30 4301 #0f8fb8 
61 31 4302 #0f8fb8 
61 32 4303 #0f8fb8 
61 33 4304 #0f8fb8 
61 34 4305 #0f8fb8 
61 35 4306 #0f8fb8 
61 36 4307 #8a197c 
61 37 4308 #8a197c 
61 38 4309 #8a197c 
61 39 4310 #8a197c 
61 40 4311 #8a197c 
61 41 4312 #3d85b8 
61 42 4313 #3d85b8 
61 43 4314 #3d85b8 
61 44 4315 #3d85b8 
61 45 4316 #3d85b8 
61 46 4317 #3d85b8 
61 47 4318 #3d85b8 
61 48 4319 #fb3d61 
61 49 4320 #fb3d61 
61 50 4321 #739c05 
61 51 4322 #739c05 
61 52 4323 #cee2b7 
61 53 4324 #cee2b7 
61 54 4325 #cee2b7 
61 55 4326 #cee2b7 
61 56 4327 #cee2b7 
61 57 4328 #cee2b7 
61 58 4329 #cee2b7 
61 59 4330 #cee2b7 
61 60 4331 #cee2b7 
61 61 4332 #cee2b7 
61 62 4333 #cee2b7 
61 63 4334 #cee2b7 
61 64 4335 #cee2b7 
61 65 4336 #cee2b7 
61 66 4337 #cee2b7 
61 67 4338 #cee2b7 
61 68 4339 #cee2b7 
61 69 4340 #cee2b7 
62 0 4341 #cf23d4 
62 1 4342 #cf23d4 
62 2 4343 #cf23d4 
62 3 4344 #cf23d4 
62 4 4345 #cf23d4 
62 5 4346 #cf23d4 
62 6 4347 #cf23d4 
62 7 4348 #cf23d4 
62 8 4349 #cf23d4 
62 9 4350 #cf23d4 
62 10 4351 #cf23d4 
62 11 4352 #cf23d4 
62 12 4353 #cf23d4 
62 13 4354 #cf23d4 
62 14 4355 #cf23d4 
62 15 4356 #cf23d4 
62 16 4357 #137377 
62 17 4358 #137377 
62 18 4359 #137377 
62 19 4360 #137377 
62 20 4361 #137377 
62 21 4362 #137377 
62 22 4363 #137377 
62 23 4364 #137377 
62 24 4365 #137377 
62 25 4366 #137377 
62 26 4367 #0f8fb8 
62 27 4368 #0f8fb8 
62 28 4369 #0f8fb8 
62 29 4370 #0f8fb8 
62 30 4371 #0f8fb8 
62 31 4372 #0f8fb8 
62 32 4373 #0f8fb8 
62 33 4374 #0f8fb8 
62 34 4375 #0f8fb8 
62 35 4376 #8a197c 
62 36 4377 #8a197c 
62 37 4378 #8a197c 
62 38 4379 #8a197c 
62 39 4380 #8a197c 
62 40 4381 #8a197c 
62 41 4382 #3d85b8 
62 42 4383 #3d85b8 
62 43 4384 #3d85b8 
62 44 4385 #3d85b8 
62 45 4386 #3d85b8 
62 46 4387 #3d85b8 
62 47 4388 #3d85b8 
62 48 4389 #739c05 
62 49 4390 #739c05 
62 50 4391 #739c05 
62 51 4392 #739c05 
62 52 4393 #739c05 
62 53 4394 #cee2b7 
62 54 4395 #cee2b7 
62 55 4396 #cee2b7 
62 56 4397 #cee2b7 
62 57 4398 #cee2b7 
62 58 4399 #cee2b7 
62 59 4400 #cee2b7 
62 60 4401 #cee2b7 
62 61 4402 #cee2b7 
62 62 4403 #cee2b7 
62 63 4404 #cee2b7 
62 64 4405 #cee2b7 
62 65 4406 #cee2b7 
62 66 4407 #cee2b7 
62 67 4408 #cee2b7 
62 68 4409 #cee2b7 
62 69 4410 #cee2b7 
63 0 4411 #cf23d4 
63 1 4412 #cf23d4 
63 2 4413 #cf23d4 
63 3 4414 #cf23d4 
63 4 4415 #cf23d4 
63 5 4416 #cf23d4 
63 6 4417 #cf23d4 
63 7 4418 #cf23d4 
63 8 4419 #cf23d4 
63 9 4420 #cf23d4 
63 10 4421 #cf23d4 
63 11 4422 #cf23d4 
63 12 4423 #cf23d4 
63 13 4424 #cf23d4 
63 14 4425 #cf23d4 
63 15 4426 #cf23d4 
63 16 4427 #137377 
63 17 4428 #137377 
63 18 4429 #137377 
63 19 4430 #137377 
63 20 4431 #137377 
63 21 4432 #137377 
63 22 4433 #137377 
63 23 4434 #137377 
63 24 4435 #137377 
63 25 4436 #137377 
63 26 4437 #137377 
63 27 4438 #0f8fb8 
63 28 4439 #0f8fb8 
63 29 4440 #0f8fb8 
63 30 4441 #0f8fb8 
63 31 4442 #0f8fb8 
63 32 4443 #0f8fb8 
63 33 4444 #0f8fb8 
63 34 4445 #8a197c 
63 35 4446 #8a197c 
63 36 4447 #8a197c 
63 37 4448 #8a197c 
63 38 4449 #8a197c 
63 39 4450 #8a197c 
63 40 4451 #8a197c 
63 41 4452 #3d85b8 
63 42 4453 #3d85b8 
63 43 4454 #3d85b8 
63 44 4455 #3d85b8 
63 45 4456 #3d85b8 
63 46 4457 #3d85b8 
63 47 4458 #3d85b8 
63 48 4459 #739c05 
63 49 4460 #739c05 
63 50 4461 #739c05 
63 51 4462 #739c05 
63 52 4463 #739c05 
63 53 4464 #cee2b7 
63 54 4465 #cee2b7 
63 55 4466 #cee2b7 
63 56 4467 #cee2b7 
63 57 4468 #cee2b7 
63 58 4469 #cee2b7 
63 59 4470 #cee2b7 
63 60 4471 #cee2b7 
63 61 4472 #cee2b7 
63 62 4473 #cee2b7 
63 63 4474 #cee2b7 
63 64 4475 #cee2b7 
63 65 4476 #cee2b7 
63 66 4477 #cee2b7 
63 67 4478 #cee2b7 
63 68 4479 #cee2b7 
63 69 4480 #cee2b7 
64 0 4481 #cf23d4 
64 1 4482 #cf23d4 
64 2 4483 #cf23d4 
64 3 4484 #cf23d4 
64 4 4485 #cf23d4 
64 5 4486 #cf23d4 
64 6 4487 #cf23d4 
64 7 4488 #cf23d4 
64 8 4489 #cf23d4 
64 9 4490 #cf23d4 
64 10 4491 #cf23d4 
64 11 4492 #cf23d4 
64 12 4493 #cf23d4 
64 13 4494 #cf23d4 
64 14 4495 #cf23d4 
64 15 4496 #cf23d4 
64 16 4497 #137377 
64 17 4498 #137377 
64 18 4499 #137377 
64 19 4500 #137377 
64 20 4501 #137377 
64 21 4502 #137377 
64 22 4503 #137377 
64 23 4504 #137377 
64 24 4505 #137377 
64 25 4506 #137377 
64 26 4507 #137377 
64 27 4508 #137377 
64 28 4509 #0f8fb8 
64 29 4510 #0f8fb8 
64 30 4511 #0f8fb8 
64 31 4512 #0f8fb8 
64 32 4513 #0f8fb8 
64 33 4514 #0f8fb8 
64 34 4515 #8a197c 
64 35 4516 #8a197c 
64 36 4517 #8a197c 
64 37 4518 #8a197c 
64 38 4519 #8a197c 
64 39 4520 #8a197c 
64 40 4521 #58f6f2 
64 41 4522 #3d85b8 
64 42 4523 #3d85b8 
64 43 4524 #3d85b8 
64 44 4525 #3d85b8 
64 45 4526 #3d85b8 
64 46 4527 #3d85b8 
64 47 4528 #3d85b8 
64 48 4529 #739c05 
64 49 4530 #739c05 
64 50 4531 #739c05 
64 51 4532 #739c05 
64 52 4533 #739c05 
64 53 4534 #739c05 
64 54 4535 #cee2b7 
64 55 4536 #cee2b7 
64 56 4537 #cee2b7 
64 57 4538 #cee2b7 
64 58 4539 #cee2b7 
64 59 4540 #cee2b7 
64 60 4541 #cee2b7 
64 61 4542 #cee2b7 
64 62 4543 #cee2b7 
64 63 4544 #cee2b7 
64 64 4545 #cee2b7 
64 65 4546 #cee2b7 
64 66 4547 #cee2b7 
64 67 4548 #cee2b7 
64 68 4549 #cee2b7 
64 69 4550 #cee2b7 
65 0 4551 #cf23d4 
65 1 4552 #cf23d4 
65 2 4553 #cf23d4 
65 3 4554 #cf23d4 
65 4 4555 #cf23d4 
65 5 4556 #cf23d4 
65 6 4557 #cf23d4 
65 7 4558 #cf23d4 
65 8 4559 #cf23d4 
65 9 4560 #cf23d4 
65 10 4561 #cf23d4 
65 11 4562 #cf23d4 
65 12 4563 #cf23d4 
65 13 4564 #cf23d4 
65 14 4565 #cf23d4 
65 15 4566 #cf23d4 
65 16 4567 #137377 
65 17 4568 #137377 
65 18 4569 #137377 
65 19 4570 #137377 
65 20 4571 #137377 
65 21 4572 #137377 
65 22 4573 #137377 
65 23 4574 #137377 
65 24 4575 #137377 
65 25 4576 #137377 
65 26 4577 #137377 
65 27 4578 #137377 
65 28 4579 #0f8fb8 
65 29 4580 #0f8fb8 
65 30 4581 #0f8fb8 
65 31 4582 #0f8fb8 
65 32 4583 #0f8fb8 
65 33 4584 #0f8fb8 
65 34 4585 #8a197c 
65 35 4586 #8a197c 
65 36 4587 #8a197c 
65 37 4588 #8a197c 
65 38 4589 #8a197c 
65 39 4590 #58f6f2 
65 40 4591 #58f6f2 
65 41 4592 #58f6f2 
65 42 4593 #3d85b8 
65 43 4594 #3d85b8 
65 44 4595 #3d85b8 
65 45 4596 #3d85b8 
65 46 4597 #3d85b8 
65 47 4598 #3d85b8 
65 48 4599 #739c05 
65 49 4600 #739c05 
65 50 4601 #739c05 
65 51 4602 #739c05 
65 52 4603 #739c05 
65 53 4604 #739c05 
65 54 4605 #739c05 
65 55 4606 #cee2b7 
65 56 4607 #cee2b7 
65 57 4608 #cee2b7 
65 58 4609 #cee2b7 
65 59 4610 #cee2b7 
65 60 4611 #cee2b7 
65 61 4612 #cee2b7 
65 62 4613 #cee2b7 
65 63 4614 #cee2b7 
65 64 4615 #cee2b7 
65 65 4616 #cee2b7 
65 66 4617 #cee2b7 
65 67 4618 #cee2b7 
65 68 4619 #cee2b7 
65 69 4620 #cee2b7 
66 0 4621 #cf23d4 
66 1 4622 #cf23d4 
66 2 4623 #cf23d4 
66 3 4624 #cf23d4 
66 4 4625 #cf23d4 
66 5 4626 #cf23d4 
66 6 4627 #cf23d4 
66 7 4628 #cf23d4 
66 8 4629 #cf23d4 
66 9 4630 #cf23d4 
66 10 4631 #cf23d4 
66 11 4632 #cf23d4 
66 12 4633 #cf23d4 
66 13 4634 #cf23d4 
66 14 4635 #cf23d4 
66 15 4636 #cf23d4 
66 16 4637 #137377 
66 17 4638 #137377 
66 18 4639 #137377 
66 19 4640 #137377 
66 20 4641 #137377 
66 21 4642 #137377 
66 22 4643 #137377 
66 23 4644 #137377 
66 24 4645 #137377 
66 25 4646 #137377 
66 26 4647 #137377 
66 27 4648 #137377 
66 28 4649 #0f8fb8 
66 29 4650 #0f8fb8 
66 30 4651 #0f8fb8 
66 31 4652 #0f8fb8 
66 32 4653 #0f8fb8 
66 33 4654 #8a197c 
66 34 4655 #8a197c 
66 35 4656 #8a197c 
66 36 4657 #8a197c 
66 37 4658 #8a197c 
66 38 4659 #8a197c 
66 39 4660 #58f6f2 
66 40 4661 #58f6f2 
66 41 4662 #58f6f2 
66 42 4663 #58f6f2 
66 43 4664 #58f6f2 
66 44 4665 #58f6f2 
66 45 4666 #3d85b8 
66 46 4667 #3d85b8 
66 47 4668 #739c05 
66 48 4669 #739c05 
66 49 4670 #739c05 
66 50 4671 #739c05 
66 51 4672 #739c05 
66 52 4673 #739c05 
66 53 4674 #739c05 
66 54 4675 #739c05 
66 55 4676 #739c05 
66 56 4677 #cee2b7 
66 57 4678 #cee2b7 
66 58 4679 #cee2b7 
66 59 4680 #cee2b7 
66 60 4681 #cee2b7 
66 61 4682 #cee2b7 
66 62 4683 #cee2b7 
66 63 4684 #cee2b7 
66 64 4685 #cee2b7 
66 65 4686 #cee2b7 
66 66 4687 #cee2b7 
66 67 4688 #cee2b7 
66 68 4689 #cee2b7 
66 69 4690 #cee2b7 
67 0 4691 #cf23d4 
67 1 4692 #cf23d4 
67 2 4693 #cf23d4 
67 3 4694 #cf23d4 
67 4 4695 #cf23d4 
67 5 4696 #cf23d4 
67 6 4697 #cf23d4 
67 7 4698 #cf23d4 
67 8 4699 #cf23d4 
67 9 4700 #cf23d4 
67 10 4701 #cf23d4 
67 11 4702 #cf23d4 
67 12 4703 #cf23d4 
67 13 4704 #cf23d4 
67 14 4705 #cf23d4 
67 15 4706 #cf23d4 
67 16 4707 #137377 
67 17 4708 #137377 
67 18 4709 #137377 
67 19 4710 #137377 
67 20 4711 #137377 
67 21 4712 #137377 
67 22 4713 #137377 
67 23 4714 #137377 
67 24 4715 #137377 
67 25 4716 #137377 
67 26 4717 #137377 
67 27 4718 #137377 
67 28 4719 #0f8fb8 
67 29 4720 #0f8fb8 
67 30 4721 #0f8fb8 
67 31 4722 #7f1dff 
67 32 4723 #7f1dff 
67 33 4724 #7f1dff 
67 34 4725 #7f1dff 
67 35 4726 #7f1dff 
67 36 4727 #7f1dff 
67 37 4728 #8a197c 
67 38 4729 #8a197c 
67 39 4730 #58f6f2 
67 40 4731 #58f6f2 
67 41 4732 #58f6f2 
67 42 4733 #58f6f2 
67 43 4734 #58f6f2 
67 44 4735 #58f6f2 
67 45 4736 #58f6f2 
67 46 4737 #739c05 
67 47 4738 #739c05 
67 48 4739 #739c05 
67 49 4740 #739c05 
67 50 4741 #739c05 
67 51 4742 #739c05 
67 52 4743 #739c05 
67 53 4744 #739c05 
67 54 4745 #739c05 
67 55 4746 #739c05 
67 56 4747 #739c05 
67 57 4748 #cee2b7 
67 58 4749 #cee2b7 
67 59 4750 #cee2b7 
67 60 4751 #cee2b7 
67 61 4752 #cee2b7 
67 62 4753 #cee2b7 
67 63 4754 #cee2b7 
67 64 4755 #cee2b7 
67 65 4756 #cee2b7 
67 66 4757 #cee2b7 
67 67 4758 #cee2b7 
67 68 4759 #cee2b7 
67 69 4760 #cee2b7 
68 0 4761 #cf23d4 
68 1 4762 #cf23d4 
68 2 4763 #cf23d4 
68 3 4764 #cf23d4 
68 4 4765 #cf23d4 
68 5 4766 #cf23d4 
68 6 4767 #cf23d4 
68 7 4768 #cf23d4 
68 8 4769 #cf23d4 
68 9 4770 #cf23d4 
68 10 4771 #cf23d4 
68 11 4772 #cf23d4 
68 12 4773 #cf23d4 
68 13 4774 #cf23d4 
68 14 4775 #cf23d4 
68 15 4776 #cf23d4 
68 16 4777 #137377 
68 17 4778 #137377 
68 18 4779 #137377 
68 19 4780 #137377 
68 20 4781 #137377 
68 21 4782 #137377 
68 22 4783 #137377 
68 23 4784 #137377 
68 24 4785 #137377 
68 25 4786 #137377 
68 26 4787 #137377 
68 27 4788 #137377 
68 28 4789 #137377 
68 29 4790 #0f8fb8 
68 30 4791 #7f1dff 
68 31 4792 #7f1dff 
68 32 4793 #7f1dff 
68 33 4794 #7f1dff 
68 34 4795 #7f1dff 
68 35 4796 #7f1dff 
68 36 4797 #7f1dff 
68 37 4798 #7f1dff 
68 38 4799 #58f6f2 
68 39 4800 #58f6f2 
68 40 4801 #58f6f2 
68 41 4802 #58f6f2 
68 42 4803 #58f6f2 
68 43 4804 #58f6f2 
68 44 4805 #58f6f2 
68 45 4806 #58f6f2 
68 46 4807 #739c05 
68 47 4808 #739c05 
68 48 4809 #739c05 
68 49 4810 #739c05 
68 50 4811 #739c05 
68 51 4812 #739c05 
68 52 4813 #739c05 
68 53 4814 #739c05 
68 54 4815 #739c05 
68 55 4816 #739c05 
68 56 4817 #739c05 
68 57 4818 #739c05 
68 58 4819 #cee2b7 
68 59 4820 #cee2b7 
68 60 4821 #cee2b7 
68 61 4822 #cee2b7 
68 62 4823 #cee2b7 
68 63 4824 #cee2b7 
68 64 4825 #cee2b7 
68 65 4826 #cee2b7 
68 66 4827 #cee2b7 
68 67 4828 #cee2b7 
68 68 4829 #cee2b7 
68 69 4830 #cee2b7 
69 0 4831 #cf23d4 
69 1 4832 #cf23d4 
69 2 4833 #cf23d4 
69 3 4834 #cf23d4 
69 4 4835 #cf23d4 
69 5 4836 #cf23d4 
69 6 4837 #cf23d4 
69 7 4838 #cf23d4 
69 8 4839 #cf23d4 
69 9 4840 #cf23d4 
69 10 4841 #cf23d4 
69 11 4842 #cf23d4 
69 12 4843 #cf23d4 
69 13 4844 #cf23d4 
69 14 4845 #cf23d4 
69 15 4846 #cf23d4 
69 16 4847 #137377 
69 17 4848 #137377 
69 18 4849 #137377 
69 19 4850 #137377 
69 20 4851 #137377 
69 21 4852 #137377 
69 22 4853 #137377 
69 23 4854 #137377 
69 24 4855 #137377 
69 25 4856 #137377 
69 26 4857 #137377 
69 27 4858 #137377 
69 28 4859 #137377 
69 29 4860 #7f1dff 
69 30 4861 #7f1dff 
69 31 4862 #7f1dff 
69 32 4863 #7f1dff 
69 33 4864 #7f1dff 
69 34 4865 #7f1dff 
69 35 4866 #7f1dff 
69 36 4867 #7f1dff 
69 37 4868 #7f1dff 
69 38 4869 #58f6f2 
69 39 4870 #58f6f2 
69 40 4871 #58f6f2 
69 41 4872 #58f6f2 
69 42 4873 #58f6f2 
69 43 4874 #58f6f2 
69 44 4875 #58f6f2 
69 45 4876 #58f6f2 
69 46 4877 #58f6f2 
69 47 4878 #739c05 
69 48 4879 #739c05 
69 49 4880 #739c05 
69 50 4881 #739c05 
69 51 4882 #739c05 
69 52 4883 #739c05 
69 53 4884 #739c05 
69 54 4885 #739c05 
69 55 4886 #739c05 
69 56 4887 #739c05 
69 57 4888 #739c05 
69 58 4889 #739c05 
69 59 4890 #cee2b7 
69 60 4891 #cee2b7 
69 61 4892 #cee2b7 
69 62 4893 #cee2b7 
69 63 4894 #cee2b7 
69 64 4895 #cee2b7 
69 65 4896 #cee2b7 
69 66 4897 #cee2b7 
69 67 4898 #cee2b7 
69 68 4899 #cee2b7 
69 69 4900 #cee2b7 
